0	2.77058
2	2.77058
4	2.77058
6	2.77058
8	2.77058
10	2.77058
12	2.77058
14	2.77058
16	2.77058
14142	2.77058
14144	1.97992
14146	1.97992
14148	1.97992
14150	1.97992
14152	1.97992
14154	1.97992
14156	1.97992
14158	1.97992
14160	1.97992
20606	1.97992
20608	1.8665
20610	1.8665
20612	1.8665
20614	1.8665
20616	1.8665
20618	1.8665
20620	1.8665
20622	1.8665
20624	1.8665
26224	1.8665
26226	1.71307
26228	1.65563
26230	1.65563
26232	1.65563
26234	1.65563
26236	1.65563
26238	1.65563
26240	1.65563
26242	1.65563
31338	1.65563
31340	1.59518
31342	1.59518
31344	1.59518
31346	1.59518
31348	1.59518
31350	1.59518
31352	1.59518
31354	1.59518
31356	1.59518
36050	1.59518
36052	1.46354
36054	1.46354
36056	1.46354
36058	1.46354
36060	1.46354
36062	1.46354
36064	1.46354
36066	1.46354
36068	1.46354
40726	1.46354
40728	1.40389
40730	1.40389
40732	1.40389
40734	1.40389
40736	1.40389
40738	1.40389
40740	1.40389
40742	1.40389
40744	1.40389
44994	1.40389
44996	1.3537
44998	1.3537
45000	1.3537
45002	1.3537
45004	1.3537
45006	1.3537
45008	1.3537
45010	1.3537
45012	1.3537
49298	1.3537
49300	1.29377
49302	1.29377
49304	1.29377
49306	1.29377
49308	1.29377
49310	1.29377
49312	1.29377
49314	1.29377
49316	1.29377
53266	1.29377
53268	1.20343
53270	1.20343
53272	1.20343
53274	1.20343
53276	1.20343
53278	1.20343
53280	1.20343
53282	1.20343
53284	1.20343
57222	1.20343
57224	1.10605
57226	1.10605
57228	1.10605
57230	1.10605
57232	1.10605
57234	1.10605
57236	1.10605
57238	1.10605
57240	1.10605
61070	1.10605
61072	1.10605
61074	1.10605
61076	1.10605
61078	1.10605
61080	1.10605
61082	1.10605
61084	1.10605
61086	1.10605
61088	1.10605
64948	1.10605
64950	1.05887
64952	1.05887
64954	1.05887
64956	1.05887
64958	1.05887
64960	1.05887
64962	1.05887
64964	1.05887
64966	1.05887
68778	1.05887
68780	1.01927
68782	1.01927
68784	1.01927
68786	1.01927
68788	1.01927
68790	1.01927
68792	1.01927
68794	1.01927
68796	1.01927
72440	1.01927
72442	1.01927
72444	1.01927
72446	1.01927
72448	1.01927
72450	1.01927
72452	1.01927
72454	1.01927
72456	1.01927
72458	1.01927
76042	1.01927
76044	0.980062
76046	0.980062
76048	0.980062
76050	0.980062
76052	0.980062
76054	0.980062
76056	0.980062
76058	0.980062
76060	0.980062
79692	0.980062
79694	0.957769
79696	0.957769
79698	0.957769
79700	0.957769
79702	0.957769
79704	0.957769
79706	0.957769
79708	0.957769
79710	0.957769
83270	0.957769
83272	0.940883
83274	0.940883
83276	0.940883
83278	0.940883
83280	0.940883
83282	0.940883
83284	0.940883
83286	0.940883
83288	0.940883
86848	0.940883
86850	0.924507
86852	0.924507
86854	0.924507
86856	0.924507
86858	0.924507
86860	0.867474
86862	0.867474
86864	0.867474
86866	0.863512
90354	0.863512
90356	0.836884
90358	0.836884
90360	0.836884
90362	0.836884
90364	0.836884
90366	0.836884
90368	0.836884
90370	0.836884
90372	0.836884
93824	0.836884
93826	0.818994
93828	0.818994
93830	0.818994
93832	0.818994
93834	0.818994
93836	0.818994
93838	0.818994
93840	0.818994
93842	0.818994
97264	0.818994
97266	0.818994
97268	0.818994
97270	0.818994
97272	0.818994
97274	0.818994
97276	0.818994
97278	0.818994
97280	0.818994
97282	0.818994
100632	0.818994
AM_10_1	5	0.790282	0.812211	9.99056	860681
0	2.77058
2	2.77058
4	2.77058
6	2.77058
8	2.77058
10	2.77058
12	2.77058
14	2.77058
16	2.77058
1632	2.77058
1634	1.97992
1636	1.97992
1638	1.97992
1640	1.97992
1642	1.97992
1644	1.97992
1646	1.97992
1648	1.97992
1650	1.97992
2246	1.97992
2248	1.86541
2250	1.86541
2252	1.86541
2254	1.86541
2256	1.86541
2258	1.86541
2260	1.86541
2262	1.86541
2264	1.86541
2758	1.86541
2760	1.81098
2762	1.81098
2764	1.81098
2766	1.81098
2768	1.81098
2770	1.81098
2772	1.81098
2774	1.81098
2776	1.81098
3390	1.81098
3392	1.69503
3394	1.69503
3396	1.69503
3398	1.69503
3400	1.69503
3402	1.69503
3404	1.69503
3406	1.69503
3408	1.69503
3962	1.69503
3964	1.46433
3966	1.46433
3968	1.46433
3970	1.46433
3972	1.46433
3974	1.46433
3976	1.46433
3978	1.46433
3980	1.46433
4438	1.46433
4440	1.46158
4442	1.46158
4444	1.46158
4446	1.46158
4448	1.46158
4450	1.46158
4452	1.46158
4454	1.46158
4456	1.46158
4926	1.46158
4928	1.44345
4930	1.44345
4932	1.44345
4934	1.44345
4936	1.44345
4938	1.44345
4940	1.44345
4942	1.44345
4944	1.44345
5348	1.44345
5350	1.39167
5352	1.39167
5354	1.39167
5356	1.39167
5358	1.39167
5360	1.39167
5362	1.39167
5364	1.39167
5366	1.39167
5842	1.39167
5844	1.33608
5846	1.33608
5848	1.33608
5850	1.33608
5852	1.33608
5854	1.33608
5856	1.33608
5858	1.33608
5860	1.33608
6270	1.33608
6272	1.25904
6274	1.25904
6276	1.25904
6278	1.25904
6280	1.25904
6282	1.25904
6284	1.25904
6286	1.25904
6288	1.25904
6692	1.25904
6694	1.21667
6696	1.21667
6698	1.21667
6700	1.21667
6702	1.21667
6704	1.21667
6706	1.21667
6708	1.21667
6710	1.21667
7108	1.21667
7110	1.13639
7112	1.13639
7114	1.13639
7116	1.13639
7118	1.13639
7120	1.13639
7122	1.13639
7124	1.13639
7126	1.13639
7506	1.13639
7508	1.06504
7510	1.06504
7512	1.06504
7514	1.06504
7516	1.06504
7518	1.06504
7520	1.06504
7522	1.06504
7524	1.06504
7904	1.06504
7906	1.03151
7908	1.03151
7910	1.03151
7912	1.03151
7914	1.03151
7916	1.03151
7918	1.03151
7920	1.03151
7922	1.03151
8320	1.03151
8322	1.0142
8324	1.0142
8326	1.0142
8328	1.0142
8330	1.0142
8332	1.0142
8334	1.0142
8336	1.0142
8338	1.0142
8712	1.0142
8714	1.00088
8716	1.00088
8718	1.00088
8720	1.00088
8722	1.00088
8724	1.00088
8726	1.00088
8728	1.00088
8730	1.00088
9086	1.00088
9088	0.938069
9090	0.938069
9092	0.938069
9094	0.938069
9096	0.938069
9098	0.938069
9100	0.938069
9102	0.938069
9104	0.938069
9472	0.938069
9474	0.895523
9476	0.895523
9478	0.895523
9480	0.895523
9482	0.895523
9484	0.895523
9486	0.895523
9488	0.895523
9490	0.895523
9840	0.895523
9842	0.895523
9844	0.895523
9846	0.895523
9848	0.895523
9850	0.895523
9852	0.895523
9854	0.895523
9856	0.895523
9858	0.895523
10202	0.895523
10204	0.895523
10206	0.895523
10208	0.895523
10210	0.895523
10212	0.895523
10214	0.895523
10216	0.895523
10218	0.895523
10220	0.895523
10558	0.895523
10560	0.895523
10562	0.895523
10564	0.895523
10566	0.895523
10568	0.895523
10570	0.895523
10572	0.895523
10574	0.895523
10576	0.895523
10932	0.895523
10934	0.839
10936	0.839
10938	0.839
10940	0.839
10942	0.839
10944	0.839
10946	0.839
10948	0.839
10950	0.839
11294	0.839
11296	0.839
11298	0.839
11300	0.839
11302	0.839
11304	0.839
11306	0.839
11308	0.839
11310	0.839
11312	0.839
11644	0.839
11646	0.839
11648	0.839
11650	0.839
11652	0.839
11654	0.839
11656	0.839
11658	0.839
11660	0.839
11662	0.839
12012	0.839
12014	0.839
12016	0.839
12018	0.839
12020	0.839
12022	0.839
12024	0.839
12026	0.839
12028	0.839
12030	0.839
12380	0.839
12382	0.839
12384	0.839
12386	0.839
12388	0.839
12390	0.839
12392	0.839
12394	0.839
12396	0.839
12398	0.839
12736	0.839
12738	0.839
12740	0.839
12742	0.839
12744	0.839
12746	0.839
12748	0.839
12750	0.839
12752	0.839
12754	0.839
13104	0.839
13106	0.837616
13108	0.837616
13110	0.837616
13112	0.837616
13114	0.837616
13116	0.837616
13118	0.837616
13120	0.837616
13122	0.837616
13454	0.837616
13456	0.837616
13458	0.837616
13460	0.837616
13462	0.837616
13464	0.837616
13466	0.837616
13468	0.837616
13470	0.837616
13472	0.837616
13804	0.837616
13806	0.837616
13808	0.837616
13810	0.837616
13812	0.837616
13814	0.837616
13816	0.837616
13818	0.837616
13820	0.837616
13822	0.837616
14172	0.837616
14174	0.82961
14176	0.82961
14178	0.82961
14180	0.82961
14182	0.82961
14184	0.82961
14186	0.82961
14188	0.82961
14190	0.82961
14522	0.82961
14524	0.82961
14526	0.82961
14528	0.82961
14530	0.784545
14532	0.784545
14534	0.784545
14536	0.784545
14538	0.784545
14540	0.784545
14878	0.784545
14880	0.784545
14882	0.784545
14884	0.784545
14886	0.784545
14888	0.784545
14890	0.784545
14892	0.784545
14894	0.784545
14896	0.784545
15228	0.784545
15230	0.784545
15232	0.784545
15234	0.784545
15236	0.784545
15238	0.784545
15240	0.784545
15242	0.784545
15244	0.784545
15246	0.784545
15578	0.784545
15580	0.784545
15582	0.784545
15584	0.784545
15586	0.784545
15588	0.784545
15590	0.784545
15592	0.784545
15594	0.784545
15596	0.784545
15922	0.784545
15924	0.784545
15926	0.784545
15928	0.784545
15930	0.784545
15932	0.784545
15934	0.784545
15936	0.784545
15938	0.784545
15940	0.784545
16266	0.784545
16268	0.784545
16270	0.784545
16272	0.784545
16274	0.784545
16276	0.784545
16278	0.784545
16280	0.784545
16282	0.784545
16284	0.784545
16616	0.784545
16618	0.784545
16620	0.784545
16622	0.784545
16624	0.784545
16626	0.784545
16628	0.784545
16630	0.784545
16632	0.784545
16634	0.784545
16966	0.784545
16968	0.784545
16970	0.784545
16972	0.784545
16974	0.784545
16976	0.784545
16978	0.784545
16980	0.784545
16982	0.784545
16984	0.784545
17316	0.784545
17318	0.784545
17320	0.784545
17322	0.784545
17324	0.784545
17326	0.784545
17328	0.784545
17330	0.784545
17332	0.784545
17334	0.784545
17666	0.784545
17668	0.784545
17670	0.784545
17672	0.784545
17674	0.784545
17676	0.784545
17678	0.784545
17680	0.784545
17682	0.784545
17684	0.784545
18016	0.784545
18018	0.784545
18020	0.784545
18022	0.784545
18024	0.784545
18026	0.784545
18028	0.784545
18030	0.784545
18032	0.784545
18034	0.784545
18360	0.784545
18362	0.784545
18364	0.784545
18366	0.784545
18368	0.784545
18370	0.784545
18372	0.784545
18374	0.784545
18376	0.784545
18378	0.784545
18698	0.784545
18700	0.784545
18702	0.784545
18704	0.784545
18706	0.784545
18708	0.784545
18710	0.784545
18712	0.784545
18714	0.784545
18716	0.784545
19048	0.784545
19050	0.784545
19052	0.784545
19054	0.784545
19056	0.784545
19058	0.784545
19060	0.784545
19062	0.784545
19064	0.784545
19066	0.784545
19392	0.784545
19394	0.784545
19396	0.784545
19398	0.784545
19400	0.784545
19402	0.784545
19404	0.784545
19406	0.784545
19408	0.784545
19410	0.784545
19742	0.784545
19744	0.784545
19746	0.784545
19748	0.784545
19750	0.784545
19752	0.784545
19754	0.784545
19756	0.784545
19758	0.784545
19760	0.784545
20092	0.784545
20094	0.784545
20096	0.784545
20098	0.784545
20100	0.784545
20102	0.784545
20104	0.784545
20106	0.784545
20108	0.784545
20110	0.784545
20430	0.784545
20432	0.784545
20434	0.784545
20436	0.784545
20438	0.784545
20440	0.784545
20442	0.784545
20444	0.784545
20446	0.784545
20448	0.784545
20780	0.784545
20782	0.784545
20784	0.784545
20786	0.784545
20788	0.784545
20790	0.784545
20792	0.784545
20794	0.784545
20796	0.784545
20798	0.784545
21124	0.784545
21126	0.784545
21128	0.784545
21130	0.784545
21132	0.784545
21134	0.784545
21136	0.784545
21138	0.784545
21140	0.784545
21142	0.784545
21474	0.784545
21476	0.784545
21478	0.784545
21480	0.784545
21482	0.784545
21484	0.784545
21486	0.784545
21488	0.784545
21490	0.784545
21492	0.784545
21824	0.784545
21826	0.784545
21828	0.784545
21830	0.784545
21832	0.784545
21834	0.784545
21836	0.784545
21838	0.784545
21840	0.784545
21842	0.784545
22174	0.784545
22176	0.784545
22178	0.784545
22180	0.784545
22182	0.784545
22184	0.784545
22186	0.784545
22188	0.784545
22190	0.784545
22192	0.784545
22524	0.784545
22526	0.784545
22528	0.784545
22530	0.784545
22532	0.784545
22534	0.784545
22536	0.784545
22538	0.784545
22540	0.784545
22542	0.784545
22874	0.784545
22876	0.784545
22878	0.784545
22880	0.784545
22882	0.784545
22884	0.784545
22886	0.784545
22888	0.784545
22890	0.784545
22892	0.784545
23224	0.784545
23226	0.784545
23228	0.784545
23230	0.784545
23232	0.784545
23234	0.784545
23236	0.784545
23238	0.784545
23240	0.784545
23242	0.784545
23568	0.784545
23570	0.784545
23572	0.784545
23574	0.784545
23576	0.784545
23578	0.784545
23580	0.784545
23582	0.784545
23584	0.784545
23586	0.784545
23918	0.784545
23920	0.784545
23922	0.784545
23924	0.784545
23926	0.784545
23928	0.784545
23930	0.784545
23932	0.784545
23934	0.784545
23936	0.784545
24268	0.784545
24270	0.784545
24272	0.784545
24274	0.784545
24276	0.784545
24278	0.784545
24280	0.784545
24282	0.784545
24284	0.784545
24286	0.784545
24612	0.784545
24614	0.784545
24616	0.784545
24618	0.784545
24620	0.784545
24622	0.784545
24624	0.784545
24626	0.784545
24628	0.784545
24630	0.784545
24956	0.784545
24958	0.784545
24960	0.784545
24962	0.784545
24964	0.784545
24966	0.784545
24968	0.784545
24970	0.784545
24972	0.784545
24974	0.784545
25306	0.784545
25308	0.784545
25310	0.784545
25312	0.784545
25314	0.784545
25316	0.784545
25318	0.784545
25320	0.784545
25322	0.784545
25324	0.784545
25656	0.784545
25658	0.784545
25660	0.784545
25662	0.784545
25664	0.784545
25666	0.784545
25668	0.784545
25670	0.784545
25672	0.784545
25674	0.784545
26000	0.784545
26002	0.784545
26004	0.784545
26006	0.784545
26008	0.784545
26010	0.784545
26012	0.784545
26014	0.784545
26016	0.784545
26018	0.784545
26350	0.784545
26352	0.784545
26354	0.784545
26356	0.784545
26358	0.784545
26360	0.784545
26362	0.784545
26364	0.784545
26366	0.784545
26368	0.784545
26700	0.784545
26702	0.784545
26704	0.784545
26706	0.784545
26708	0.784545
26710	0.784545
26712	0.784545
26714	0.784545
26716	0.784545
26718	0.784545
27044	0.784545
27046	0.784545
27048	0.784545
27050	0.784545
27052	0.784545
27054	0.784545
27056	0.784545
27058	0.784545
27060	0.784545
27062	0.784545
27394	0.784545
27396	0.784545
27398	0.784545
27400	0.784545
27402	0.784545
27404	0.784545
27406	0.784545
27408	0.784545
27410	0.784545
27412	0.784545
27738	0.784545
27740	0.784545
27742	0.784545
27744	0.784545
27746	0.784545
27748	0.784545
27750	0.784545
27752	0.784545
27754	0.784545
27756	0.784545
28082	0.784545
28084	0.784545
28086	0.784545
28088	0.784545
28090	0.784545
28092	0.784545
28094	0.784545
28096	0.784545
28098	0.784545
28100	0.784545
28432	0.784545
28434	0.784545
28436	0.784545
28438	0.784545
28440	0.784545
28442	0.784545
28444	0.784545
28446	0.784545
28448	0.784545
28450	0.784545
28776	0.784545
28778	0.784545
28780	0.784545
28782	0.784545
28784	0.784545
28786	0.784545
28788	0.784545
28790	0.784545
28792	0.784545
28794	0.784545
29126	0.784545
29128	0.784545
29130	0.784545
29132	0.784545
29134	0.784545
29136	0.784545
29138	0.784545
29140	0.784545
29142	0.784545
29144	0.784545
29470	0.784545
29472	0.784545
29474	0.784545
29476	0.784545
29478	0.784545
29480	0.784545
29482	0.784545
29484	0.784545
29486	0.784545
29488	0.784545
29820	0.784545
29822	0.784545
29824	0.784545
29826	0.784545
29828	0.784545
29830	0.784545
29832	0.784545
29834	0.784545
29836	0.784545
29838	0.784545
30164	0.784545
30166	0.784545
30168	0.784545
30170	0.784545
30172	0.784545
30174	0.784545
30176	0.784545
30178	0.784545
30180	0.784545
30182	0.784545
30514	0.784545
30516	0.784545
30518	0.784545
30520	0.784545
30522	0.784545
30524	0.784545
30526	0.784545
30528	0.784545
30530	0.784545
30532	0.784545
30864	0.784545
30866	0.784545
30868	0.784545
30870	0.784545
30872	0.784545
30874	0.784545
30876	0.784545
30878	0.784545
30880	0.784545
30882	0.784545
31196	0.784545
31198	0.784545
31200	0.784545
31202	0.784545
31204	0.784545
31206	0.784545
31208	0.784545
31210	0.784545
31212	0.784545
31214	0.784545
31546	0.784545
31548	0.784545
31550	0.784545
31552	0.784545
31554	0.784545
31556	0.784545
31558	0.784545
31560	0.784545
31562	0.784545
31564	0.784545
31890	0.784545
31892	0.784545
31894	0.784545
31896	0.784545
31898	0.784545
31900	0.784545
31902	0.784545
31904	0.784545
31906	0.784545
31908	0.784545
32240	0.784545
32242	0.784545
32244	0.784545
32246	0.784545
32248	0.784545
32250	0.784545
32252	0.784545
32254	0.784545
32256	0.784545
32258	0.784545
32590	0.784545
32592	0.784545
32594	0.784545
32596	0.784545
32598	0.784545
32600	0.784545
32602	0.784545
32604	0.784545
32606	0.784545
32608	0.784545
32934	0.784545
32936	0.784545
32938	0.784545
32940	0.784545
32942	0.784545
32944	0.784545
32946	0.784545
32948	0.784545
32950	0.784545
32952	0.784545
33284	0.784545
33286	0.784545
33288	0.784545
33290	0.784545
33292	0.784545
33294	0.784545
33296	0.784545
33298	0.784545
33300	0.784545
33302	0.784545
33634	0.784545
33636	0.784545
33638	0.784545
33640	0.784545
33642	0.784545
33644	0.784545
33646	0.784545
33648	0.784545
33650	0.784545
33652	0.784545
33984	0.784545
33986	0.784545
33988	0.784545
33990	0.784545
33992	0.784545
33994	0.784545
33996	0.784545
33998	0.784545
34000	0.784545
34002	0.784545
34334	0.784545
34336	0.784545
34338	0.784545
34340	0.784545
34342	0.784545
34344	0.784545
34346	0.784545
34348	0.784545
34350	0.784545
34352	0.784545
34678	0.784545
34680	0.784545
34682	0.784545
34684	0.784545
34686	0.784545
34688	0.784545
34690	0.784545
34692	0.784545
34694	0.784545
34696	0.784545
35028	0.784545
35030	0.784545
35032	0.784545
35034	0.784545
35036	0.784545
35038	0.784545
35040	0.784545
35042	0.784545
35044	0.784545
35046	0.784545
35366	0.784545
35368	0.784545
35370	0.784545
35372	0.784545
35374	0.784545
35376	0.784545
35378	0.784545
35380	0.784545
35382	0.784545
35384	0.784545
35716	0.784545
35718	0.784545
35720	0.784545
35722	0.784545
35724	0.784545
35726	0.784545
35728	0.784545
35730	0.784545
35732	0.784545
35734	0.784545
36060	0.784545
36062	0.784545
36064	0.784545
36066	0.784545
36068	0.784545
36070	0.784545
36072	0.784545
36074	0.784545
36076	0.784545
36078	0.784545
36410	0.784545
36412	0.784545
36414	0.784545
36416	0.784545
36418	0.784545
36420	0.784545
36422	0.784545
36424	0.784545
36426	0.784545
36428	0.784545
36760	0.784545
36762	0.784545
36764	0.784545
36766	0.784545
36768	0.784545
36770	0.784545
36772	0.784545
36774	0.784545
36776	0.784545
36778	0.784545
37110	0.784545
37112	0.784545
37114	0.784545
37116	0.784545
37118	0.784545
37120	0.784545
37122	0.784545
37124	0.784545
37126	0.784545
37128	0.784545
37460	0.784545
37462	0.784545
37464	0.784545
37466	0.784545
37468	0.784545
37470	0.784545
37472	0.784545
37474	0.784545
37476	0.784545
37478	0.784545
37804	0.784545
37806	0.784545
37808	0.784545
37810	0.784545
37812	0.784545
37814	0.784545
37816	0.784545
37818	0.784545
37820	0.784545
37822	0.784545
38154	0.784545
38156	0.784545
38158	0.784545
38160	0.784545
38162	0.784545
38164	0.784545
38166	0.784545
38168	0.784545
38170	0.784545
38172	0.784545
38504	0.784545
38506	0.784545
38508	0.784545
38510	0.784545
38512	0.784545
38514	0.784545
38516	0.784545
38518	0.784545
38520	0.784545
38522	0.784545
38848	0.784545
38850	0.784545
38852	0.784545
38854	0.784545
38856	0.784545
38858	0.784545
38860	0.784545
38862	0.784545
38864	0.784545
38866	0.784545
39192	0.784545
39194	0.784545
39196	0.784545
39198	0.784545
39200	0.784545
39202	0.784545
39204	0.784545
39206	0.784545
39208	0.784545
39210	0.784545
39536	0.784545
39538	0.784545
39540	0.784545
39542	0.784545
39544	0.784545
39546	0.784545
39548	0.784545
39550	0.784545
39552	0.784545
39554	0.784545
39886	0.784545
39888	0.784545
39890	0.784545
39892	0.784545
39894	0.784545
39896	0.784545
39898	0.784545
39900	0.784545
39902	0.784545
39904	0.784545
40236	0.784545
40238	0.784545
40240	0.784545
40242	0.784545
40244	0.784545
40246	0.784545
40248	0.784545
40250	0.784545
40252	0.784545
40254	0.784545
40586	0.784545
40588	0.784545
40590	0.784545
40592	0.784545
40594	0.784545
40596	0.784545
40598	0.784545
40600	0.784545
40602	0.784545
40604	0.784545
40936	0.784545
40938	0.784545
40940	0.784545
40942	0.784545
40944	0.784545
40946	0.784545
40948	0.784545
40950	0.784545
40952	0.784545
40954	0.784545
41286	0.784545
41288	0.784545
41290	0.784545
41292	0.784545
41294	0.784545
41296	0.784545
41298	0.784545
41300	0.784545
41302	0.784545
41304	0.784545
41636	0.784545
41638	0.784545
41640	0.784545
41642	0.784545
41644	0.784545
41646	0.784545
41648	0.784545
41650	0.784545
41652	0.784545
41654	0.784545
41986	0.784545
41988	0.784545
41990	0.784545
41992	0.784545
41994	0.784545
41996	0.784545
41998	0.784545
42000	0.784545
42002	0.784545
42004	0.784545
42330	0.784545
42332	0.784545
42334	0.784545
42336	0.784545
42338	0.784545
42340	0.784545
42342	0.784545
42344	0.784545
42346	0.784545
42348	0.784545
42674	0.784545
42676	0.784545
42678	0.784545
42680	0.784545
42682	0.784545
42684	0.784545
42686	0.784545
42688	0.784545
42690	0.784545
42692	0.784545
43024	0.784545
43026	0.784545
43028	0.784545
43030	0.784545
43032	0.784545
43034	0.784545
43036	0.784545
43038	0.784545
43040	0.784545
43042	0.784545
43362	0.784545
43364	0.784545
43366	0.784545
43368	0.784545
43370	0.784545
43372	0.784545
43374	0.784545
43376	0.784545
43378	0.784545
43380	0.784545
43712	0.784545
43714	0.784545
43716	0.784545
43718	0.784545
43720	0.784545
43722	0.784545
43724	0.784545
43726	0.784545
43728	0.784545
43730	0.784545
44062	0.784545
44064	0.784545
44066	0.784545
44068	0.784545
44070	0.784545
44072	0.784545
44074	0.784545
44076	0.784545
44078	0.784545
44080	0.784545
44406	0.784545
44408	0.784545
44410	0.784545
44412	0.784545
44414	0.784545
44416	0.784545
44418	0.784545
44420	0.784545
44422	0.784545
44424	0.784545
44750	0.784545
44752	0.784545
44754	0.784545
44756	0.784545
44758	0.784545
44760	0.784545
44762	0.784545
44764	0.784545
44766	0.784545
44768	0.784545
45094	0.784545
45096	0.784545
45098	0.784545
45100	0.784545
45102	0.784545
45104	0.784545
45106	0.784545
45108	0.784545
45110	0.784545
45112	0.784545
45444	0.784545
45446	0.784545
45448	0.784545
45450	0.784545
45452	0.784545
45454	0.784545
45456	0.784545
45458	0.784545
45460	0.784545
45462	0.784545
45788	0.784545
45790	0.784545
45792	0.784545
45794	0.784545
45796	0.784545
45798	0.784545
45800	0.784545
45802	0.784545
45804	0.784545
45806	0.784545
46138	0.784545
46140	0.784545
46142	0.784545
46144	0.784545
46146	0.784545
46148	0.784545
46150	0.784545
46152	0.784545
46154	0.784545
46156	0.784545
46488	0.784545
46490	0.784545
46492	0.784545
46494	0.784545
46496	0.784545
46498	0.784545
46500	0.784545
46502	0.784545
46504	0.784545
46506	0.784545
46832	0.784545
46834	0.784545
46836	0.784545
46838	0.784545
46840	0.784545
46842	0.784545
46844	0.784545
46846	0.784545
46848	0.784545
46850	0.784545
47182	0.784545
47184	0.784545
47186	0.784545
47188	0.784545
47190	0.784545
47192	0.784545
47194	0.784545
47196	0.784545
47198	0.784545
47200	0.784545
47532	0.784545
47534	0.784545
47536	0.784545
47538	0.784545
47540	0.784545
47542	0.784545
47544	0.784545
47546	0.784545
47548	0.784545
47550	0.784545
47882	0.784545
47884	0.784545
47886	0.784545
47888	0.784545
47890	0.784545
47892	0.784545
47894	0.784545
47896	0.784545
47898	0.784545
47900	0.784545
48220	0.784545
48222	0.784545
48224	0.784545
48226	0.784545
48228	0.784545
48230	0.784545
48232	0.784545
48234	0.784545
48236	0.784545
48238	0.784545
48564	0.784545
48566	0.784545
48568	0.784545
48570	0.784545
48572	0.784545
48574	0.784545
48576	0.784545
48578	0.784545
48580	0.784545
48582	0.784545
48914	0.784545
48916	0.784545
48918	0.784545
48920	0.784545
48922	0.784545
48924	0.784545
48926	0.784545
48928	0.784545
48930	0.784545
48932	0.784545
49258	0.784545
49260	0.784545
49262	0.784545
49264	0.784545
49266	0.784545
49268	0.784545
49270	0.784545
49272	0.784545
49274	0.784545
49276	0.784545
49602	0.784545
49604	0.784545
49606	0.784545
49608	0.784545
49610	0.784545
49612	0.784545
49614	0.784545
49616	0.784545
49618	0.784545
49620	0.784545
49952	0.784545
49954	0.784545
49956	0.784545
49958	0.784545
49960	0.784545
49962	0.784545
49964	0.784545
49966	0.784545
49968	0.784545
49970	0.784545
50302	0.784545
50304	0.784545
50306	0.784545
50308	0.784545
50310	0.784545
50312	0.784545
50314	0.784545
50316	0.784545
50318	0.784545
50320	0.784545
50652	0.784545
50654	0.784545
50656	0.784545
50658	0.784545
50660	0.784545
50662	0.784545
50664	0.784545
50666	0.784545
50668	0.784545
50670	0.784545
50996	0.784545
50998	0.784545
51000	0.784545
51002	0.784545
51004	0.784545
51006	0.784545
51008	0.784545
51010	0.784545
51012	0.784545
51014	0.784545
51346	0.784545
51348	0.784545
51350	0.784545
51352	0.784545
51354	0.784545
51356	0.784545
51358	0.784545
51360	0.784545
51362	0.784545
51364	0.784545
51696	0.784545
51698	0.784545
51700	0.784545
51702	0.784545
51704	0.784545
51706	0.784545
51708	0.784545
51710	0.784545
51712	0.784545
51714	0.784545
52046	0.784545
52048	0.784545
52050	0.784545
52052	0.784545
52054	0.784545
52056	0.784545
52058	0.784545
52060	0.784545
52062	0.784545
52064	0.784545
52396	0.784545
52398	0.784545
52400	0.784545
52402	0.784545
52404	0.784545
52406	0.784545
52408	0.784545
52410	0.784545
52412	0.784545
52414	0.784545
52746	0.784545
52748	0.784545
52750	0.784545
52752	0.784545
52754	0.784545
52756	0.784545
52758	0.784545
52760	0.784545
52762	0.784545
52764	0.784545
53084	0.784545
53086	0.784545
53088	0.784545
53090	0.784545
53092	0.784545
53094	0.784545
53096	0.784545
53098	0.784545
53100	0.784545
53102	0.784545
53428	0.784545
53430	0.784545
53432	0.784545
53434	0.784545
53436	0.784545
53438	0.784545
53440	0.784545
53442	0.784545
53444	0.784545
53446	0.784545
53778	0.784545
53780	0.784545
53782	0.784545
53784	0.784545
53786	0.784545
53788	0.784545
53790	0.784545
53792	0.784545
53794	0.784545
53796	0.784545
54128	0.784545
54130	0.784545
54132	0.784545
54134	0.784545
54136	0.784545
54138	0.784545
54140	0.784545
54142	0.784545
54144	0.784545
54146	0.784545
54472	0.784545
54474	0.784545
54476	0.784545
54478	0.784545
54480	0.784545
54482	0.784545
54484	0.784545
54486	0.784545
54488	0.784545
54490	0.784545
54822	0.784545
54824	0.784545
54826	0.784545
54828	0.784545
54830	0.784545
54832	0.784545
54834	0.784545
54836	0.784545
54838	0.784545
54840	0.784545
55166	0.784545
55168	0.784545
55170	0.784545
55172	0.784545
55174	0.784545
55176	0.784545
55178	0.784545
55180	0.784545
55182	0.784545
55184	0.784545
55516	0.784545
55518	0.784545
55520	0.784545
55522	0.784545
55524	0.784545
55526	0.784545
55528	0.784545
55530	0.784545
55532	0.784545
55534	0.784545
55860	0.784545
55862	0.784545
55864	0.784545
55866	0.784545
55868	0.784545
55870	0.784545
55872	0.784545
55874	0.784545
55876	0.784545
55878	0.784545
56210	0.784545
56212	0.784545
56214	0.784545
56216	0.784545
56218	0.784545
56220	0.784545
56222	0.784545
56224	0.784545
56226	0.784545
56228	0.784545
56554	0.784545
56556	0.784545
56558	0.784545
56560	0.784545
56562	0.784545
56564	0.784545
56566	0.784545
56568	0.784545
56570	0.784545
56572	0.784545
56904	0.784545
56906	0.784545
56908	0.784545
56910	0.784545
56912	0.784545
56914	0.784545
56916	0.784545
56918	0.784545
56920	0.784545
56922	0.784545
57248	0.784545
57250	0.784545
57252	0.784545
57254	0.784545
57256	0.784545
57258	0.784545
57260	0.784545
57262	0.784545
57264	0.784545
57266	0.784545
57598	0.784545
57600	0.784545
57602	0.784545
57604	0.784545
57606	0.784545
57608	0.784545
57610	0.784545
57612	0.784545
57614	0.784545
57616	0.784545
57948	0.784545
57950	0.784545
57952	0.784545
57954	0.784545
57956	0.784545
57958	0.784545
57960	0.784545
57962	0.784545
57964	0.784545
57966	0.784545
58292	0.784545
58294	0.784545
58296	0.784545
58298	0.784545
58300	0.784545
58302	0.784545
58304	0.784545
58306	0.784545
58308	0.784545
58310	0.784545
58642	0.784545
58644	0.784545
58646	0.784545
58648	0.784545
58650	0.784545
58652	0.784545
58654	0.784545
58656	0.784545
58658	0.784545
58660	0.784545
58974	0.784545
58976	0.784545
58978	0.784545
58980	0.784545
58982	0.784545
58984	0.784545
58986	0.784545
58988	0.784545
58990	0.784545
58992	0.784545
59324	0.784545
59326	0.784545
59328	0.784545
59330	0.784545
59332	0.784545
59334	0.784545
59336	0.784545
59338	0.784545
59340	0.784545
59342	0.784545
59668	0.784545
59670	0.784545
59672	0.784545
59674	0.784545
59676	0.784545
59678	0.784545
59680	0.784545
59682	0.784545
59684	0.784545
59686	0.784545
60012	0.784545
60014	0.784545
60016	0.784545
60018	0.784545
60020	0.784545
60022	0.784545
60024	0.784545
60026	0.784545
60028	0.784545
60030	0.784545
60350	0.784545
60352	0.784545
60354	0.784545
60356	0.784545
60358	0.784545
60360	0.784545
60362	0.784545
60364	0.784545
60366	0.784545
60368	0.784545
60700	0.784545
60702	0.784545
60704	0.784545
60706	0.784545
60708	0.784545
60710	0.784545
60712	0.784545
60714	0.784545
60716	0.784545
60718	0.784545
61044	0.784545
61046	0.784545
61048	0.784545
61050	0.784545
61052	0.784545
61054	0.784545
61056	0.784545
61058	0.784545
61060	0.784545
61062	0.784545
61388	0.784545
61390	0.784545
61392	0.784545
61394	0.784545
61396	0.784545
61398	0.784545
61400	0.784545
61402	0.784545
61404	0.784545
61406	0.784545
61738	0.784545
61740	0.784545
61742	0.784545
61744	0.784545
61746	0.784545
61748	0.784545
61750	0.784545
61752	0.784545
61754	0.784545
61756	0.784545
62082	0.784545
62084	0.784545
62086	0.784545
62088	0.784545
62090	0.784545
62092	0.784545
62094	0.784545
62096	0.784545
62098	0.784545
62100	0.784545
62420	0.784545
62422	0.784545
62424	0.784545
62426	0.784545
62428	0.784545
62430	0.784545
62432	0.784545
62434	0.784545
62436	0.784545
62438	0.784545
62764	0.784545
62766	0.784545
62768	0.784545
62770	0.784545
62772	0.784545
62774	0.784545
62776	0.784545
62778	0.784545
62780	0.784545
62782	0.784545
63114	0.784545
63116	0.784545
63118	0.784545
63120	0.784545
63122	0.784545
63124	0.784545
63126	0.784545
63128	0.784545
63130	0.784545
63132	0.784545
63452	0.784545
63454	0.784545
63456	0.784545
63458	0.784545
63460	0.784545
63462	0.784545
63464	0.784545
63466	0.784545
63468	0.784545
63470	0.784545
63796	0.784545
63798	0.784545
63800	0.784545
63802	0.784545
63804	0.784545
63806	0.784545
63808	0.784545
63810	0.784545
63812	0.784545
63814	0.784545
64146	0.784545
64148	0.784545
64150	0.784545
64152	0.784545
64154	0.784545
64156	0.784545
64158	0.784545
64160	0.784545
64162	0.784545
64164	0.784545
64496	0.784545
64498	0.784545
64500	0.784545
64502	0.784545
64504	0.784545
64506	0.784545
64508	0.784545
64510	0.784545
64512	0.784545
64514	0.784545
64840	0.784545
64842	0.784545
64844	0.784545
64846	0.784545
64848	0.784545
64850	0.784545
64852	0.784545
64854	0.784545
64856	0.784545
64858	0.784545
65190	0.784545
65192	0.784545
65194	0.784545
65196	0.784545
65198	0.784545
65200	0.784545
65202	0.784545
65204	0.784545
65206	0.784545
65208	0.784545
65540	0.784545
65542	0.784545
65544	0.784545
65546	0.784545
65548	0.784545
65550	0.784545
65552	0.784545
65554	0.784545
65556	0.784545
65558	0.784545
65884	0.784545
65886	0.784545
65888	0.784545
65890	0.784545
65892	0.784545
65894	0.784545
65896	0.784545
65898	0.784545
65900	0.784545
65902	0.784545
66222	0.784545
66224	0.784545
66226	0.784545
66228	0.784545
66230	0.784545
66232	0.784545
66234	0.784545
66236	0.784545
66238	0.784545
66240	0.784545
66554	0.784545
66556	0.784545
66558	0.784545
66560	0.784545
66562	0.784545
66564	0.784545
66566	0.784545
66568	0.784545
66570	0.784545
66572	0.784545
66904	0.784545
66906	0.784545
66908	0.784545
66910	0.784545
66912	0.784545
66914	0.784545
66916	0.784545
66918	0.784545
66920	0.784545
66922	0.784545
67248	0.784545
67250	0.784545
67252	0.784545
67254	0.784545
67256	0.784545
67258	0.784545
67260	0.784545
67262	0.784545
67264	0.784545
67266	0.784545
67598	0.784545
67600	0.784545
67602	0.784545
67604	0.784545
67606	0.784545
67608	0.784545
67610	0.784545
67612	0.784545
67614	0.784545
67616	0.784545
67948	0.784545
67950	0.784545
67952	0.784545
67954	0.784545
67956	0.784545
67958	0.784545
67960	0.784545
67962	0.784545
67964	0.784545
67966	0.784545
68298	0.784545
68300	0.784545
68302	0.784545
68304	0.784545
68306	0.784545
68308	0.784545
68310	0.784545
68312	0.784545
68314	0.784545
68316	0.784545
68648	0.784545
68650	0.784545
68652	0.784545
68654	0.784545
68656	0.784545
68658	0.784545
68660	0.784545
68662	0.784545
68664	0.784545
68666	0.784545
68998	0.784545
69000	0.784545
69002	0.784545
69004	0.784545
69006	0.784545
69008	0.784545
69010	0.784545
69012	0.784545
69014	0.784545
69016	0.784545
69342	0.784545
69344	0.784545
69346	0.784545
69348	0.784545
69350	0.784545
69352	0.784545
69354	0.784545
69356	0.784545
69358	0.784545
69360	0.784545
69692	0.784545
69694	0.784545
69696	0.784545
69698	0.784545
69700	0.784545
69702	0.784545
69704	0.784545
69706	0.784545
69708	0.784545
69710	0.784545
70042	0.784545
70044	0.784545
70046	0.784545
70048	0.784545
70050	0.784545
70052	0.784545
70054	0.784545
70056	0.784545
70058	0.784545
70060	0.784545
70392	0.784545
70394	0.784545
70396	0.784545
70398	0.784545
70400	0.784545
70402	0.784545
70404	0.784545
70406	0.784545
70408	0.784545
70410	0.784545
70742	0.784545
70744	0.784545
70746	0.784545
70748	0.784545
70750	0.784545
70752	0.784545
70754	0.784545
70756	0.784545
70758	0.784545
70760	0.784545
71092	0.784545
71094	0.784545
71096	0.784545
71098	0.784545
71100	0.784545
71102	0.784545
71104	0.784545
71106	0.784545
71108	0.784545
71110	0.784545
71442	0.784545
71444	0.784545
71446	0.784545
71448	0.784545
71450	0.784545
71452	0.784545
71454	0.784545
71456	0.784545
71458	0.784545
71460	0.784545
71786	0.784545
71788	0.784545
71790	0.784545
71792	0.784545
71794	0.784545
71796	0.784545
71798	0.784545
71800	0.784545
71802	0.784545
71804	0.784545
72136	0.784545
72138	0.784545
72140	0.784545
72142	0.784545
72144	0.784545
72146	0.784545
72148	0.784545
72150	0.784545
72152	0.784545
72154	0.784545
72486	0.784545
72488	0.784545
72490	0.784545
72492	0.784545
72494	0.784545
72496	0.784545
72498	0.784545
72500	0.784545
72502	0.784545
72504	0.784545
72836	0.784545
72838	0.784545
72840	0.784545
72842	0.784545
72844	0.784545
72846	0.784545
72848	0.784545
72850	0.784545
72852	0.784545
72854	0.784545
73186	0.784545
73188	0.784545
73190	0.784545
73192	0.784545
73194	0.784545
73196	0.784545
73198	0.784545
73200	0.784545
73202	0.784545
73204	0.784545
73536	0.784545
73538	0.784545
73540	0.784545
73542	0.784545
73544	0.784545
73546	0.784545
73548	0.784545
73550	0.784545
73552	0.784545
73554	0.784545
73886	0.784545
73888	0.784545
73890	0.784545
73892	0.784545
73894	0.784545
73896	0.784545
73898	0.784545
73900	0.784545
73902	0.784545
73904	0.784545
74236	0.784545
74238	0.784545
74240	0.784545
74242	0.784545
74244	0.784545
74246	0.784545
74248	0.784545
74250	0.784545
74252	0.784545
74254	0.784545
74580	0.784545
74582	0.784545
74584	0.784545
74586	0.784545
74588	0.784545
74590	0.784545
74592	0.784545
74594	0.784545
74596	0.784545
74598	0.784545
74930	0.784545
74932	0.784545
74934	0.784545
74936	0.784545
74938	0.784545
74940	0.784545
74942	0.784545
74944	0.784545
74946	0.784545
74948	0.784545
75274	0.784545
75276	0.784545
75278	0.784545
75280	0.784545
75282	0.784545
75284	0.784545
75286	0.784545
75288	0.784545
75290	0.784545
75292	0.784545
75624	0.784545
75626	0.784545
75628	0.784545
75630	0.784545
75632	0.784545
75634	0.784545
75636	0.784545
75638	0.784545
75640	0.784545
75642	0.784545
75962	0.784545
75964	0.784545
75966	0.784545
75968	0.784545
75970	0.784545
75972	0.784545
75974	0.784545
75976	0.784545
75978	0.784545
75980	0.784545
76312	0.784545
76314	0.784545
76316	0.784545
76318	0.784545
76320	0.784545
76322	0.784545
76324	0.784545
76326	0.784545
76328	0.784545
76330	0.784545
76656	0.784545
76658	0.784545
76660	0.784545
76662	0.784545
76664	0.784545
76666	0.784545
76668	0.784545
76670	0.784545
76672	0.784545
76674	0.784545
76994	0.784545
76996	0.784545
76998	0.784545
77000	0.784545
77002	0.784545
77004	0.784545
77006	0.784545
77008	0.784545
77010	0.784545
77012	0.784545
77344	0.784545
77346	0.784545
77348	0.784545
77350	0.784545
77352	0.784545
77354	0.784545
77356	0.784545
77358	0.784545
77360	0.784545
77362	0.784545
77694	0.784545
77696	0.784545
77698	0.784545
77700	0.784545
77702	0.784545
77704	0.784545
77706	0.784545
77708	0.784545
77710	0.784545
77712	0.784545
78032	0.784545
78034	0.784545
78036	0.784545
78038	0.784545
78040	0.784545
78042	0.784545
78044	0.784545
78046	0.784545
78048	0.784545
78050	0.784545
78382	0.784545
78384	0.784545
78386	0.784545
78388	0.784545
78390	0.784545
78392	0.784545
78394	0.784545
78396	0.784545
78398	0.784545
78400	0.784545
78720	0.784545
78722	0.784545
78724	0.784545
78726	0.784545
78728	0.784545
78730	0.784545
78732	0.784545
78734	0.784545
78736	0.784545
78738	0.784545
79070	0.784545
79072	0.784545
79074	0.784545
79076	0.784545
79078	0.784545
79080	0.784545
79082	0.784545
79084	0.784545
79086	0.784545
79088	0.784545
79420	0.784545
79422	0.784545
79424	0.784545
79426	0.784545
79428	0.784545
79430	0.784545
79432	0.784545
79434	0.784545
79436	0.784545
79438	0.784545
79770	0.784545
79772	0.784545
79774	0.784545
79776	0.784545
79778	0.784545
79780	0.784545
79782	0.784545
79784	0.784545
79786	0.784545
79788	0.784545
80114	0.784545
80116	0.784545
80118	0.784545
80120	0.784545
80122	0.784545
80124	0.784545
80126	0.784545
80128	0.784545
80130	0.784545
80132	0.784545
80458	0.784545
80460	0.784545
80462	0.784545
80464	0.784545
80466	0.784545
80468	0.784545
80470	0.784545
80472	0.784545
80474	0.784545
80476	0.784545
80808	0.784545
80810	0.784545
80812	0.784545
80814	0.784545
80816	0.784545
80818	0.784545
80820	0.784545
80822	0.784545
80824	0.784545
80826	0.784545
81158	0.784545
81160	0.784545
81162	0.784545
81164	0.784545
81166	0.784545
81168	0.784545
81170	0.784545
81172	0.784545
81174	0.784545
81176	0.784545
81508	0.784545
81510	0.784545
81512	0.784545
81514	0.784545
81516	0.784545
81518	0.784545
81520	0.784545
81522	0.784545
81524	0.784545
81526	0.784545
81846	0.784545
81848	0.784545
81850	0.784545
81852	0.784545
81854	0.784545
81856	0.784545
81858	0.784545
81860	0.784545
81862	0.784545
81864	0.784545
82190	0.784545
82192	0.784545
82194	0.784545
82196	0.784545
82198	0.784545
82200	0.784545
82202	0.784545
82204	0.784545
82206	0.784545
82208	0.784545
82528	0.784545
82530	0.784545
82532	0.784545
82534	0.784545
82536	0.784545
82538	0.784545
82540	0.784545
82542	0.784545
82544	0.784545
82546	0.784545
82872	0.784545
82874	0.784545
82876	0.784545
82878	0.784545
82880	0.784545
82882	0.784545
82884	0.784545
82886	0.784545
82888	0.784545
82890	0.784545
83222	0.784545
83224	0.784545
83226	0.784545
83228	0.784545
83230	0.784545
83232	0.784545
83234	0.784545
83236	0.784545
83238	0.784545
83240	0.784545
83572	0.784545
83574	0.784545
83576	0.784545
83578	0.784545
83580	0.784545
83582	0.784545
83584	0.784545
83586	0.784545
83588	0.784545
83590	0.784545
83916	0.784545
83918	0.784545
83920	0.784545
83922	0.784545
83924	0.784545
83926	0.784545
83928	0.784545
83930	0.784545
83932	0.784545
83934	0.784545
84260	0.784545
84262	0.784545
84264	0.784545
84266	0.784545
84268	0.784545
84270	0.784545
84272	0.784545
84274	0.784545
84276	0.784545
84278	0.784545
84610	0.784545
84612	0.784545
84614	0.784545
84616	0.784545
84618	0.784545
84620	0.784545
84622	0.784545
84624	0.784545
84626	0.784545
84628	0.784545
84960	0.784545
84962	0.784545
84964	0.784545
84966	0.784545
84968	0.784545
84970	0.784545
84972	0.784545
84974	0.784545
84976	0.784545
84978	0.784545
85310	0.784545
85312	0.784545
85314	0.784545
85316	0.784545
85318	0.784545
85320	0.784545
85322	0.784545
85324	0.784545
85326	0.784545
85328	0.784545
85660	0.784545
85662	0.784545
85664	0.784545
85666	0.784545
85668	0.784545
85670	0.784545
85672	0.784545
85674	0.784545
85676	0.784545
85678	0.784545
86010	0.784545
86012	0.784545
86014	0.784545
86016	0.784545
86018	0.784545
86020	0.784545
86022	0.784545
86024	0.784545
86026	0.784545
86028	0.784545
86354	0.784545
86356	0.784545
86358	0.784545
86360	0.784545
86362	0.784545
86364	0.784545
86366	0.784545
86368	0.784545
86370	0.784545
86372	0.784545
86698	0.784545
86700	0.784545
86702	0.784545
86704	0.784545
86706	0.784545
86708	0.784545
86710	0.784545
86712	0.784545
86714	0.784545
86716	0.784545
87048	0.784545
87050	0.784545
87052	0.784545
87054	0.784545
87056	0.784545
87058	0.784545
87060	0.784545
87062	0.784545
87064	0.784545
87066	0.784545
87398	0.784545
87400	0.784545
87402	0.784545
87404	0.784545
87406	0.784545
87408	0.784545
87410	0.784545
87412	0.784545
87414	0.784545
87416	0.784545
87748	0.784545
87750	0.784545
87752	0.784545
87754	0.784545
87756	0.784545
87758	0.784545
87760	0.784545
87762	0.784545
87764	0.784545
87766	0.784545
88098	0.784545
88100	0.784545
88102	0.784545
88104	0.784545
88106	0.784545
88108	0.784545
88110	0.784545
88112	0.784545
88114	0.784545
88116	0.784545
88448	0.784545
88450	0.784545
88452	0.784545
88454	0.784545
88456	0.784545
88458	0.784545
88460	0.784545
88462	0.784545
88464	0.784545
88466	0.784545
88792	0.784545
88794	0.784545
88796	0.784545
88798	0.784545
88800	0.784545
88802	0.784545
88804	0.784545
88806	0.784545
88808	0.784545
88810	0.784545
89130	0.784545
89132	0.784545
89134	0.784545
89136	0.784545
89138	0.784545
89140	0.784545
89142	0.784545
89144	0.784545
89146	0.784545
89148	0.784545
89480	0.784545
89482	0.784545
89484	0.784545
89486	0.784545
89488	0.784545
89490	0.784545
89492	0.784545
89494	0.784545
89496	0.784545
89498	0.784545
89830	0.784545
89832	0.784545
89834	0.784545
89836	0.784545
89838	0.784545
89840	0.784545
89842	0.784545
89844	0.784545
89846	0.784545
89848	0.784545
90180	0.784545
90182	0.784545
90184	0.784545
90186	0.784545
90188	0.784545
90190	0.784545
90192	0.784545
90194	0.784545
90196	0.784545
90198	0.784545
90530	0.784545
90532	0.784545
90534	0.784545
90536	0.784545
90538	0.784545
90540	0.784545
90542	0.784545
90544	0.784545
90546	0.784545
90548	0.784545
90868	0.784545
90870	0.784545
90872	0.784545
90874	0.784545
90876	0.784545
90878	0.784545
90880	0.784545
90882	0.784545
90884	0.784545
90886	0.784545
91212	0.784545
91214	0.784545
91216	0.784545
91218	0.784545
91220	0.784545
91222	0.784545
91224	0.784545
91226	0.784545
91228	0.784545
91230	0.784545
91562	0.784545
91564	0.784545
91566	0.784545
91568	0.784545
91570	0.784545
91572	0.784545
91574	0.784545
91576	0.784545
91578	0.784545
91580	0.784545
91906	0.784545
91908	0.784545
91910	0.784545
91912	0.784545
91914	0.784545
91916	0.784545
91918	0.784545
91920	0.784545
91922	0.784545
91924	0.784545
92256	0.784545
92258	0.784545
92260	0.784545
92262	0.784545
92264	0.784545
92266	0.784545
92268	0.784545
92270	0.784545
92272	0.784545
92274	0.784545
92606	0.784545
92608	0.784545
92610	0.784545
92612	0.784545
92614	0.784545
92616	0.784545
92618	0.784545
92620	0.784545
92622	0.784545
92624	0.784545
92956	0.784545
92958	0.784545
92960	0.784545
92962	0.784545
92964	0.784545
92966	0.784545
92968	0.784545
92970	0.784545
92972	0.784545
92974	0.784545
93300	0.784545
93302	0.784545
93304	0.784545
93306	0.784545
93308	0.784545
93310	0.784545
93312	0.784545
93314	0.784545
93316	0.784545
93318	0.784545
93650	0.784545
93652	0.784545
93654	0.784545
93656	0.784545
93658	0.784545
93660	0.784545
93662	0.784545
93664	0.784545
93666	0.784545
93668	0.784545
93994	0.784545
93996	0.784545
93998	0.784545
94000	0.784545
94002	0.784545
94004	0.784545
94006	0.784545
94008	0.784545
94010	0.784545
94012	0.784545
94344	0.784545
94346	0.784545
94348	0.784545
94350	0.784545
94352	0.784545
94354	0.784545
94356	0.784545
94358	0.784545
94360	0.784545
94362	0.784545
94694	0.784545
94696	0.784545
94698	0.784545
94700	0.784545
94702	0.784545
94704	0.784545
94706	0.784545
94708	0.784545
94710	0.784545
94712	0.784545
95044	0.784545
95046	0.784545
95048	0.784545
95050	0.784545
95052	0.784545
95054	0.784545
95056	0.784545
95058	0.784545
95060	0.784545
95062	0.784545
95394	0.784545
95396	0.784545
95398	0.784545
95400	0.784545
95402	0.784545
95404	0.784545
95406	0.784545
95408	0.784545
95410	0.784545
95412	0.784545
95744	0.784545
95746	0.784545
95748	0.784545
95750	0.784545
95752	0.784545
95754	0.784545
95756	0.784545
95758	0.784545
95760	0.784545
95762	0.784545
96094	0.784545
96096	0.784545
96098	0.784545
96100	0.784545
96102	0.784545
96104	0.784545
96106	0.784545
96108	0.784545
96110	0.784545
96112	0.784545
96438	0.784545
96440	0.784545
96442	0.784545
96444	0.784545
96446	0.784545
96448	0.784545
96450	0.784545
96452	0.784545
96454	0.784545
96456	0.784545
96782	0.784545
96784	0.784545
96786	0.784545
96788	0.784545
96790	0.784545
96792	0.784545
96794	0.784545
96796	0.784545
96798	0.784545
96800	0.784545
97132	0.784545
97134	0.784545
97136	0.784545
97138	0.784545
97140	0.784545
97142	0.784545
97144	0.784545
97146	0.784545
97148	0.784545
97150	0.784545
97482	0.784545
97484	0.784545
97486	0.784545
97488	0.784545
97490	0.784545
97492	0.784545
97494	0.784545
97496	0.784545
97498	0.784545
97500	0.784545
97826	0.784545
97828	0.784545
97830	0.784545
97832	0.784545
97834	0.784545
97836	0.784545
97838	0.784545
97840	0.784545
97842	0.784545
97844	0.784545
98170	0.784545
98172	0.784545
98174	0.784545
98176	0.784545
98178	0.784545
98180	0.784545
98182	0.784545
98184	0.784545
98186	0.784545
98188	0.784545
98508	0.784545
98510	0.784545
98512	0.784545
98514	0.784545
98516	0.784545
98518	0.784545
98520	0.784545
98522	0.784545
98524	0.784545
98526	0.784545
98840	0.784545
98842	0.784545
98844	0.784545
98846	0.784545
98848	0.784545
98850	0.784545
98852	0.784545
98854	0.784545
98856	0.784545
98858	0.784545
99190	0.784545
99192	0.784545
99194	0.784545
99196	0.784545
99198	0.784545
99200	0.784545
99202	0.784545
99204	0.784545
99206	0.784545
99208	0.784545
99540	0.784545
99542	0.784545
99544	0.784545
99546	0.784545
99548	0.784545
99550	0.784545
99552	0.784545
99554	0.784545
99556	0.784545
99558	0.784545
99890	0.784545
99892	0.784545
99894	0.784545
99896	0.784545
99898	0.784545
99900	0.784545
99902	0.784545
99904	0.784545
99906	0.784545
99908	0.784545
100240	0.784545
AM_1_1	11	0.736299	0.784545	9.29555	860681
0	2.77058
2	2.77058
4	2.77058
6	2.77058
8	2.77058
10	2.77058
12	2.77058
14	2.77058
16	2.77058
1458	2.77058
1460	2.12637
1462	2.12637
1464	2.12637
1466	2.12637
1468	2.12637
1470	2.12637
1472	2.12637
1474	2.12637
1476	2.12637
2168	2.12637
2170	1.91912
2172	1.91912
2174	1.91912
2176	1.91912
2178	1.91912
2180	1.91912
2182	1.91912
2184	1.91912
2186	1.91912
2746	1.91912
2748	1.75139
2750	1.75139
2752	1.75139
2754	1.75139
2756	1.75139
2758	1.75139
2760	1.75139
2762	1.75139
2764	1.75139
3240	1.75139
3242	1.60362
3244	1.60362
3246	1.60362
3248	1.60362
3250	1.60362
3252	1.60362
3254	1.60362
3256	1.60362
3258	1.60362
3710	1.60362
3712	1.53184
3714	1.53184
3716	1.53184
3718	1.53184
3720	1.53184
3722	1.53184
3724	1.53184
3726	1.53184
3728	1.53184
4204	1.53184
4206	1.33993
4208	1.33993
4210	1.33993
4212	1.33993
4214	1.33993
4216	1.33993
4218	1.33993
4220	1.33993
4222	1.33993
4602	1.33993
4604	1.21633
4606	1.21633
4608	1.21633
4610	1.21633
4612	1.21633
4614	1.21633
4616	1.21633
4618	1.21633
4620	1.21633
4988	1.21633
4990	1.13092
4992	1.13092
4994	1.13092
4996	1.13092
4998	1.13092
5000	1.13092
5002	1.13092
5004	1.13092
5006	1.13092
5374	1.13092
5376	1.12149
5378	1.12149
5380	1.12149
5382	1.12149
5384	1.12149
5386	1.12149
5388	1.12149
5390	1.12149
5392	1.12149
5760	1.12149
5762	1.08471
5764	1.08471
5766	1.08471
5768	1.08471
5770	1.08471
5772	1.08471
5774	1.08471
5776	1.08471
5778	1.08471
6140	1.08471
6142	1.0478
6144	1.0478
6146	1.0478
6148	1.0478
6150	1.0478
6152	1.0478
6154	1.0478
6156	1.0478
6158	1.0478
6532	0.943122
6534	0.911877
6536	0.911877
6538	0.911877
6540	0.911877
6542	0.911877
6544	0.911877
6546	0.911877
6548	0.911877
6550	0.911877
6912	0.911877
6914	0.810013
6916	0.810013
6918	0.810013
6920	0.810013
6922	0.810013
6924	0.810013
6926	0.810013
6928	0.810013
6930	0.810013
7274	0.810013
7276	0.810013
7278	0.810013
7280	0.810013
7282	0.810013
7284	0.810013
7286	0.810013
7288	0.810013
7290	0.810013
7292	0.810013
7642	0.810013
7644	0.810013
7646	0.810013
7648	0.810013
7650	0.810013
7652	0.810013
7654	0.810013
7656	0.810013
7658	0.810013
7660	0.810013
8004	0.810013
8006	0.777483
8008	0.777483
8010	0.777483
8012	0.777483
8014	0.777483
8016	0.777483
8018	0.777483
8020	0.777483
8022	0.777483
8354	0.777483
8356	0.777483
8358	0.777483
8360	0.777483
8362	0.777483
8364	0.777483
8366	0.777483
8368	0.777483
8370	0.777483
8372	0.777483
8698	0.777483
8700	0.777483
8702	0.777483
8704	0.777483
8706	0.777483
8708	0.777483
8710	0.777483
8712	0.777483
8714	0.777483
8716	0.777483
9054	0.777483
9056	0.764987
9058	0.764987
9060	0.764987
9062	0.764987
9064	0.764987
9066	0.764987
9068	0.764987
9070	0.764987
9072	0.764987
9404	0.764987
9406	0.764987
9408	0.764987
9410	0.764987
9412	0.764987
9414	0.764987
9416	0.764987
9418	0.764987
9420	0.764987
9422	0.764987
9754	0.764987
9756	0.764987
9758	0.764987
9760	0.764987
9762	0.764987
9764	0.764987
9766	0.764987
9768	0.764987
9770	0.764987
9772	0.764987
10110	0.764987
10112	0.764987
10114	0.764987
10116	0.764987
10118	0.764987
10120	0.764987
10122	0.764987
10124	0.764987
10126	0.764987
10128	0.764987
10448	0.764987
10450	0.764987
10452	0.764987
10454	0.764987
10456	0.764987
10458	0.764987
10460	0.764987
10462	0.764987
10464	0.764987
10466	0.764987
10798	0.764987
10800	0.764987
10802	0.764987
10804	0.764987
10806	0.764987
10808	0.764987
10810	0.764987
10812	0.764987
10814	0.764987
10816	0.764987
11148	0.764987
11150	0.764987
11152	0.764987
11154	0.764987
11156	0.764987
11158	0.764987
11160	0.764987
11162	0.764987
11164	0.764987
11166	0.764987
11498	0.764987
11500	0.764987
11502	0.764987
11504	0.764987
11506	0.764987
11508	0.764987
11510	0.764987
11512	0.764987
11514	0.764987
11516	0.764987
11836	0.764987
11838	0.764987
11840	0.764987
11842	0.764987
11844	0.764987
11846	0.764987
11848	0.764987
11850	0.764987
11852	0.764987
11854	0.764987
12186	0.764987
12188	0.764987
12190	0.764987
12192	0.764987
12194	0.764987
12196	0.764987
12198	0.764987
12200	0.764987
12202	0.764987
12204	0.764987
12530	0.764987
12532	0.764987
12534	0.764987
12536	0.764987
12538	0.764987
12540	0.764987
12542	0.764987
12544	0.764987
12546	0.764987
12548	0.764987
12874	0.764987
12876	0.764987
12878	0.764987
12880	0.764987
12882	0.764987
12884	0.764987
12886	0.764987
12888	0.764987
12890	0.764987
12892	0.764987
13218	0.764987
13220	0.764987
13222	0.764987
13224	0.764987
13226	0.764987
13228	0.764987
13230	0.764987
13232	0.764987
13234	0.764987
13236	0.764987
13562	0.764987
13564	0.764987
13566	0.764987
13568	0.764987
13570	0.764987
13572	0.764987
13574	0.764987
13576	0.764987
13578	0.764987
13580	0.764987
13906	0.764987
13908	0.764987
13910	0.764987
13912	0.764987
13914	0.764987
13916	0.764987
13918	0.764987
13920	0.764987
13922	0.764987
13924	0.764987
14256	0.764987
14258	0.764987
14260	0.764987
14262	0.764987
14264	0.764987
14266	0.764987
14268	0.764987
14270	0.764987
14272	0.764987
14274	0.764987
14588	0.764987
14590	0.764987
14592	0.764987
14594	0.764987
14596	0.764987
14598	0.764987
14600	0.764987
14602	0.764987
14604	0.764987
14606	0.764987
14938	0.764987
14940	0.764987
14942	0.764987
14944	0.764987
14946	0.764987
14948	0.764987
14950	0.764987
14952	0.764987
14954	0.764987
14956	0.764987
15288	0.764987
15290	0.764987
15292	0.764987
15294	0.764987
15296	0.764987
15298	0.764987
15300	0.764987
15302	0.764987
15304	0.764987
15306	0.764987
15638	0.764987
15640	0.764987
15642	0.764987
15644	0.764987
15646	0.764987
15648	0.764987
15650	0.764987
15652	0.764987
15654	0.764987
15656	0.764987
15970	0.764987
15972	0.764987
15974	0.764987
15976	0.764987
15978	0.764987
15980	0.764987
15982	0.764987
15984	0.764987
15986	0.764987
15988	0.764987
16314	0.764987
16316	0.764987
16318	0.764987
16320	0.764987
16322	0.764987
16324	0.764987
16326	0.764987
16328	0.764987
16330	0.764987
16332	0.764987
16658	0.764987
16660	0.764987
16662	0.764987
16664	0.764987
16666	0.764987
16668	0.764987
16670	0.764987
16672	0.764987
16674	0.764987
16676	0.764987
17002	0.764987
17004	0.764987
17006	0.764987
17008	0.764987
17010	0.764987
17012	0.764987
17014	0.764987
17016	0.764987
17018	0.764987
17020	0.764987
17340	0.764987
17342	0.764987
17344	0.764987
17346	0.764987
17348	0.764987
17350	0.764987
17352	0.764987
17354	0.764987
17356	0.764987
17358	0.764987
17690	0.764987
17692	0.764987
17694	0.764987
17696	0.764987
17698	0.764987
17700	0.764987
17702	0.764987
17704	0.764987
17706	0.764987
17708	0.764987
18016	0.764987
18018	0.764987
18020	0.764987
18022	0.764987
18024	0.764987
18026	0.764987
18028	0.764987
18030	0.764987
18032	0.764987
18034	0.764987
18366	0.764987
18368	0.764987
18370	0.764987
18372	0.764987
18374	0.764987
18376	0.764987
18378	0.764987
18380	0.764987
18382	0.764987
18384	0.764987
18710	0.764987
18712	0.764987
18714	0.764987
18716	0.764987
18718	0.764987
18720	0.764987
18722	0.764987
18724	0.764987
18726	0.764987
18728	0.764987
19054	0.764987
19056	0.764987
19058	0.764987
19060	0.764987
19062	0.764987
19064	0.764987
19066	0.764987
19068	0.764987
19070	0.764987
19072	0.764987
19392	0.764987
19394	0.764987
19396	0.764987
19398	0.764987
19400	0.764987
19402	0.764987
19404	0.764987
19406	0.764987
19408	0.764987
19410	0.764987
19736	0.764987
19738	0.764987
19740	0.764987
19742	0.764987
19744	0.764987
19746	0.764987
19748	0.764987
19750	0.764987
19752	0.764987
19754	0.764987
20080	0.764987
20082	0.764987
20084	0.764987
20086	0.764987
20088	0.764987
20090	0.764987
20092	0.764987
20094	0.764987
20096	0.764987
20098	0.764987
20424	0.764987
20426	0.764987
20428	0.764987
20430	0.764987
20432	0.764987
20434	0.764987
20436	0.764987
20438	0.764987
20440	0.764987
20442	0.764987
20768	0.764987
20770	0.764987
20772	0.764987
20774	0.764987
20776	0.764987
20778	0.764987
20780	0.764987
20782	0.764987
20784	0.764987
20786	0.764987
21112	0.764987
21114	0.764987
21116	0.764987
21118	0.764987
21120	0.764987
21122	0.764987
21124	0.764987
21126	0.764987
21128	0.764987
21130	0.764987
21432	0.764987
21434	0.764987
21436	0.764987
21438	0.764987
21440	0.764987
21442	0.764987
21444	0.764987
21446	0.764987
21448	0.764987
21450	0.764987
21770	0.764987
21772	0.764987
21774	0.764987
21776	0.764987
21778	0.764987
21780	0.764987
21782	0.764987
21784	0.764987
21786	0.764987
21788	0.764987
22120	0.764987
22122	0.764987
22124	0.764987
22126	0.764987
22128	0.764987
22130	0.764987
22132	0.764987
22134	0.764987
22136	0.764987
22138	0.764987
22464	0.764987
22466	0.764987
22468	0.764987
22470	0.764987
22472	0.764987
22474	0.764987
22476	0.764987
22478	0.764987
22480	0.764987
22482	0.764987
22814	0.764987
22816	0.764987
22818	0.764987
22820	0.764987
22822	0.764987
22824	0.764987
22826	0.764987
22828	0.764987
22830	0.764987
22832	0.764987
23152	0.764987
23154	0.764987
23156	0.764987
23158	0.764987
23160	0.764987
23162	0.764987
23164	0.764987
23166	0.764987
23168	0.764987
23170	0.764987
23496	0.764987
23498	0.764987
23500	0.764987
23502	0.764987
23504	0.764987
23506	0.764987
23508	0.764987
23510	0.764987
23512	0.764987
23514	0.764987
23834	0.764987
23836	0.764987
23838	0.764987
23840	0.764987
23842	0.764987
23844	0.764987
23846	0.764987
23848	0.764987
23850	0.764987
23852	0.764987
24178	0.764987
24180	0.764987
24182	0.764987
24184	0.764987
24186	0.764987
24188	0.764987
24190	0.764987
24192	0.764987
24194	0.764987
24196	0.764987
24528	0.764987
24530	0.764987
24532	0.764987
24534	0.764987
24536	0.764987
24538	0.764987
24540	0.764987
24542	0.764987
24544	0.764987
24546	0.764987
24866	0.764987
24868	0.764987
24870	0.764987
24872	0.764987
24874	0.764987
24876	0.764987
24878	0.764987
24880	0.764987
24882	0.764987
24884	0.764987
25210	0.764987
25212	0.764987
25214	0.764987
25216	0.764987
25218	0.764987
25220	0.764987
25222	0.764987
25224	0.764987
25226	0.764987
25228	0.764987
25548	0.764987
25550	0.764987
25552	0.764987
25554	0.764987
25556	0.764987
25558	0.764987
25560	0.764987
25562	0.764987
25564	0.764987
25566	0.764987
25880	0.764987
25882	0.764987
25884	0.764987
25886	0.764987
25888	0.764987
25890	0.764987
25892	0.764987
25894	0.764987
25896	0.764987
25898	0.764987
26224	0.764987
26226	0.764987
26228	0.764987
26230	0.764987
26232	0.764987
26234	0.764987
26236	0.764987
26238	0.764987
26240	0.764987
26242	0.764987
26562	0.764987
26564	0.764987
26566	0.764987
26568	0.764987
26570	0.764987
26572	0.764987
26574	0.764987
26576	0.764987
26578	0.764987
26580	0.764987
26912	0.764987
26914	0.764987
26916	0.764987
26918	0.764987
26920	0.764987
26922	0.764987
26924	0.764987
26926	0.764987
26928	0.764987
26930	0.764987
27250	0.764987
27252	0.764987
27254	0.764987
27256	0.764987
27258	0.764987
27260	0.764987
27262	0.764987
27264	0.764987
27266	0.764987
27268	0.764987
27588	0.764987
27590	0.764987
27592	0.764987
27594	0.764987
27596	0.764987
27598	0.764987
27600	0.764987
27602	0.764987
27604	0.764987
27606	0.764987
27932	0.764987
27934	0.764987
27936	0.764987
27938	0.764987
27940	0.764987
27942	0.764987
27944	0.764987
27946	0.764987
27948	0.764987
27950	0.764987
28282	0.764987
28284	0.764987
28286	0.764987
28288	0.764987
28290	0.764987
28292	0.764987
28294	0.764987
28296	0.764987
28298	0.764987
28300	0.764987
28632	0.764987
28634	0.764987
28636	0.764987
28638	0.764987
28640	0.764987
28642	0.764987
28644	0.764987
28646	0.764987
28648	0.764987
28650	0.764987
28970	0.764987
28972	0.764987
28974	0.764987
28976	0.764987
28978	0.764987
28980	0.764987
28982	0.764987
28984	0.764987
28986	0.764987
28988	0.764987
29308	0.764987
29310	0.764987
29312	0.764987
29314	0.764987
29316	0.764987
29318	0.764987
29320	0.764987
29322	0.764987
29324	0.764987
29326	0.764987
29652	0.764987
29654	0.764987
29656	0.764987
29658	0.764987
29660	0.764987
29662	0.764987
29664	0.764987
29666	0.764987
29668	0.764987
29670	0.764987
30002	0.764987
30004	0.764987
30006	0.764987
30008	0.764987
30010	0.764987
30012	0.764987
30014	0.764987
30016	0.764987
30018	0.764987
30020	0.764987
30352	0.764987
30354	0.764987
30356	0.764987
30358	0.764987
30360	0.764987
30362	0.764987
30364	0.764987
30366	0.764987
30368	0.764987
30370	0.764987
30696	0.764987
30698	0.764987
30700	0.764987
30702	0.764987
30704	0.764987
30706	0.764987
30708	0.764987
30710	0.764987
30712	0.764987
30714	0.764987
31034	0.764987
31036	0.764987
31038	0.764987
31040	0.764987
31042	0.764987
31044	0.764987
31046	0.764987
31048	0.764987
31050	0.764987
31052	0.764987
31378	0.764987
31380	0.764987
31382	0.764987
31384	0.764987
31386	0.764987
31388	0.764987
31390	0.764987
31392	0.764987
31394	0.764987
31396	0.764987
31716	0.764987
31718	0.764987
31720	0.764987
31722	0.764987
31724	0.764987
31726	0.764987
31728	0.764987
31730	0.764987
31732	0.764987
31734	0.764987
32042	0.764987
32044	0.764987
32046	0.764987
32048	0.764987
32050	0.764987
32052	0.764987
32054	0.764987
32056	0.764987
32058	0.764987
32060	0.764987
32386	0.764987
32388	0.764987
32390	0.764987
32392	0.764987
32394	0.764987
32396	0.764987
32398	0.764987
32400	0.764987
32402	0.764987
32404	0.764987
32736	0.764987
32738	0.764987
32740	0.764987
32742	0.764987
32744	0.764987
32746	0.764987
32748	0.764987
32750	0.764987
32752	0.764987
32754	0.764987
33074	0.764987
33076	0.764987
33078	0.764987
33080	0.764987
33082	0.764987
33084	0.764987
33086	0.764987
33088	0.764987
33090	0.764987
33092	0.764987
33412	0.764987
33414	0.764987
33416	0.764987
33418	0.764987
33420	0.764987
33422	0.764987
33424	0.764987
33426	0.764987
33428	0.764987
33430	0.764987
33762	0.764987
33764	0.764987
33766	0.764987
33768	0.764987
33770	0.764987
33772	0.764987
33774	0.764987
33776	0.764987
33778	0.764987
33780	0.764987
34112	0.764987
34114	0.764987
34116	0.764987
34118	0.764987
34120	0.764987
34122	0.764987
34124	0.764987
34126	0.764987
34128	0.764987
34130	0.764987
34456	0.764987
34458	0.764987
34460	0.764987
34462	0.764987
34464	0.764987
34466	0.764987
34468	0.764987
34470	0.764987
34472	0.764987
34474	0.764987
34794	0.764987
34796	0.764987
34798	0.764987
34800	0.764987
34802	0.764987
34804	0.764987
34806	0.764987
34808	0.764987
34810	0.764987
34812	0.764987
35132	0.764987
35134	0.764987
35136	0.764987
35138	0.764987
35140	0.764987
35142	0.764987
35144	0.764987
35146	0.764987
35148	0.764987
35150	0.764987
35470	0.764987
35472	0.764987
35474	0.764987
35476	0.764987
35478	0.764987
35480	0.764987
35482	0.764987
35484	0.764987
35486	0.764987
35488	0.764987
35820	0.764987
35822	0.764987
35824	0.764987
35826	0.764987
35828	0.764987
35830	0.764987
35832	0.764987
35834	0.764987
35836	0.764987
35838	0.764987
36170	0.764987
36172	0.764987
36174	0.764987
36176	0.764987
36178	0.764987
36180	0.764987
36182	0.764987
36184	0.764987
36186	0.764987
36188	0.764987
36514	0.764987
36516	0.764987
36518	0.764987
36520	0.764987
36522	0.764987
36524	0.764987
36526	0.764987
36528	0.764987
36530	0.764987
36532	0.764987
36858	0.764987
36860	0.764987
36862	0.764987
36864	0.764987
36866	0.764987
36868	0.764987
36870	0.764987
36872	0.764987
36874	0.764987
36876	0.764987
37208	0.764987
37210	0.764987
37212	0.764987
37214	0.764987
37216	0.764987
37218	0.764987
37220	0.764987
37222	0.764987
37224	0.764987
37226	0.764987
37558	0.764987
37560	0.764987
37562	0.764987
37564	0.764987
37566	0.764987
37568	0.764987
37570	0.764987
37572	0.764987
37574	0.764987
37576	0.764987
37902	0.764987
37904	0.764987
37906	0.764987
37908	0.764987
37910	0.764987
37912	0.764987
37914	0.764987
37916	0.764987
37918	0.764987
37920	0.764987
38252	0.764987
38254	0.764987
38256	0.764987
38258	0.764987
38260	0.764987
38262	0.764987
38264	0.764987
38266	0.764987
38268	0.764987
38270	0.764987
38596	0.764987
38598	0.764987
38600	0.764987
38602	0.764987
38604	0.764987
38606	0.764987
38608	0.764987
38610	0.764987
38612	0.764987
38614	0.764987
38940	0.764987
38942	0.764987
38944	0.764987
38946	0.764987
38948	0.764987
38950	0.764987
38952	0.764987
38954	0.764987
38956	0.764987
38958	0.764987
39284	0.764987
39286	0.764987
39288	0.764987
39290	0.764987
39292	0.764987
39294	0.764987
39296	0.764987
39298	0.764987
39300	0.764987
39302	0.764987
39628	0.764987
39630	0.764987
39632	0.764987
39634	0.764987
39636	0.764987
39638	0.764987
39640	0.764987
39642	0.764987
39644	0.764987
39646	0.764987
39966	0.764987
39968	0.764987
39970	0.764987
39972	0.764987
39974	0.764987
39976	0.764987
39978	0.764987
39980	0.764987
39982	0.764987
39984	0.764987
40310	0.764987
40312	0.764987
40314	0.764987
40316	0.764987
40318	0.764987
40320	0.764987
40322	0.764987
40324	0.764987
40326	0.764987
40328	0.764987
40654	0.764987
40656	0.764987
40658	0.764987
40660	0.764987
40662	0.764987
40664	0.764987
40666	0.764987
40668	0.764987
40670	0.764987
40672	0.764987
40992	0.764987
40994	0.764987
40996	0.764987
40998	0.764987
41000	0.764987
41002	0.764987
41004	0.764987
41006	0.764987
41008	0.764987
41010	0.764987
41342	0.764987
41344	0.764987
41346	0.764987
41348	0.764987
41350	0.764987
41352	0.764987
41354	0.764987
41356	0.764987
41358	0.764987
41360	0.764987
41692	0.764987
41694	0.764987
41696	0.764987
41698	0.764987
41700	0.764987
41702	0.764987
41704	0.764987
41706	0.764987
41708	0.764987
41710	0.764987
42030	0.764987
42032	0.764987
42034	0.764987
42036	0.764987
42038	0.764987
42040	0.764987
42042	0.764987
42044	0.764987
42046	0.764987
42048	0.764987
42368	0.764987
42370	0.764987
42372	0.764987
42374	0.764987
42376	0.764987
42378	0.764987
42380	0.764987
42382	0.764987
42384	0.764987
42386	0.764987
42718	0.764987
42720	0.764987
42722	0.764987
42724	0.764987
42726	0.764987
42728	0.764987
42730	0.764987
42732	0.764987
42734	0.764987
42736	0.764987
43068	0.764987
43070	0.764987
43072	0.764987
43074	0.764987
43076	0.764987
43078	0.764987
43080	0.764987
43082	0.764987
43084	0.764987
43086	0.764987
43406	0.764987
43408	0.764987
43410	0.764987
43412	0.764987
43414	0.764987
43416	0.764987
43418	0.764987
43420	0.764987
43422	0.764987
43424	0.764987
43750	0.764987
43752	0.764987
43754	0.764987
43756	0.764987
43758	0.764987
43760	0.764987
43762	0.764987
43764	0.764987
43766	0.764987
43768	0.764987
44094	0.764987
44096	0.764987
44098	0.764987
44100	0.764987
44102	0.764987
44104	0.764987
44106	0.764987
44108	0.764987
44110	0.764987
44112	0.764987
44444	0.764987
44446	0.764987
44448	0.764987
44450	0.764987
44452	0.764987
44454	0.764987
44456	0.764987
44458	0.764987
44460	0.764987
44462	0.764987
44788	0.764987
44790	0.764987
44792	0.764987
44794	0.764987
44796	0.764987
44798	0.764987
44800	0.764987
44802	0.764987
44804	0.764987
44806	0.764987
45138	0.764987
45140	0.764987
45142	0.764987
45144	0.764987
45146	0.764987
45148	0.764987
45150	0.764987
45152	0.764987
45154	0.764987
45156	0.764987
45488	0.764987
45490	0.764987
45492	0.764987
45494	0.764987
45496	0.764987
45498	0.764987
45500	0.764987
45502	0.764987
45504	0.764987
45506	0.764987
45838	0.764987
45840	0.764987
45842	0.764987
45844	0.764987
45846	0.764987
45848	0.764987
45850	0.764987
45852	0.764987
45854	0.764987
45856	0.764987
46182	0.764987
46184	0.764987
46186	0.764987
46188	0.764987
46190	0.764987
46192	0.764987
46194	0.764987
46196	0.764987
46198	0.764987
46200	0.764987
46526	0.764987
46528	0.764987
46530	0.764987
46532	0.764987
46534	0.764987
46536	0.764987
46538	0.764987
46540	0.764987
46542	0.764987
46544	0.764987
46864	0.764987
46866	0.764987
46868	0.764987
46870	0.764987
46872	0.764987
46874	0.764987
46876	0.764987
46878	0.764987
46880	0.764987
46882	0.764987
47208	0.764987
47210	0.764987
47212	0.764987
47214	0.764987
47216	0.764987
47218	0.764987
47220	0.764987
47222	0.764987
47224	0.764987
47226	0.764987
47552	0.764987
47554	0.764987
47556	0.764987
47558	0.764987
47560	0.764987
47562	0.764987
47564	0.764987
47566	0.764987
47568	0.764987
47570	0.764987
47890	0.764987
47892	0.764987
47894	0.764987
47896	0.764987
47898	0.764987
47900	0.764987
47902	0.764987
47904	0.764987
47906	0.764987
47908	0.764987
48240	0.764987
48242	0.764987
48244	0.764987
48246	0.764987
48248	0.764987
48250	0.764987
48252	0.764987
48254	0.764987
48256	0.764987
48258	0.764987
48590	0.764987
48592	0.764987
48594	0.764987
48596	0.764987
48598	0.764987
48600	0.764987
48602	0.764987
48604	0.764987
48606	0.764987
48608	0.764987
48934	0.764987
48936	0.764987
48938	0.764987
48940	0.764987
48942	0.764987
48944	0.764987
48946	0.764987
48948	0.764987
48950	0.764987
48952	0.764987
49278	0.764987
49280	0.764987
49282	0.764987
49284	0.764987
49286	0.764987
49288	0.764987
49290	0.764987
49292	0.764987
49294	0.764987
49296	0.764987
49622	0.764987
49624	0.764987
49626	0.764987
49628	0.764987
49630	0.764987
49632	0.764987
49634	0.764987
49636	0.764987
49638	0.764987
49640	0.764987
49960	0.764987
49962	0.764987
49964	0.764987
49966	0.764987
49968	0.764987
49970	0.764987
49972	0.764987
49974	0.764987
49976	0.764987
49978	0.764987
50304	0.764987
50306	0.764987
50308	0.764987
50310	0.764987
50312	0.764987
50314	0.764987
50316	0.764987
50318	0.764987
50320	0.764987
50322	0.764987
50654	0.764987
50656	0.764987
50658	0.764987
50660	0.764987
50662	0.764987
50664	0.764987
50666	0.764987
50668	0.764987
50670	0.764987
50672	0.764987
50998	0.764987
51000	0.764987
51002	0.764987
51004	0.764987
51006	0.764987
51008	0.764987
51010	0.764987
51012	0.764987
51014	0.764987
51016	0.764987
51348	0.764987
51350	0.764987
51352	0.764987
51354	0.764987
51356	0.764987
51358	0.764987
51360	0.764987
51362	0.764987
51364	0.764987
51366	0.764987
51692	0.764987
51694	0.764987
51696	0.764987
51698	0.764987
51700	0.764987
51702	0.764987
51704	0.764987
51706	0.764987
51708	0.764987
51710	0.764987
52030	0.764987
52032	0.764987
52034	0.764987
52036	0.764987
52038	0.764987
52040	0.764987
52042	0.764987
52044	0.764987
52046	0.764987
52048	0.764987
52380	0.764987
52382	0.764987
52384	0.764987
52386	0.764987
52388	0.764987
52390	0.764987
52392	0.764987
52394	0.764987
52396	0.764987
52398	0.764987
52724	0.764987
52726	0.764987
52728	0.764987
52730	0.764987
52732	0.764987
52734	0.764987
52736	0.764987
52738	0.764987
52740	0.764987
52742	0.764987
53056	0.764987
53058	0.764987
53060	0.764987
53062	0.764987
53064	0.764987
53066	0.764987
53068	0.764987
53070	0.764987
53072	0.764987
53074	0.764987
53406	0.764987
53408	0.764987
53410	0.764987
53412	0.764987
53414	0.764987
53416	0.764987
53418	0.764987
53420	0.764987
53422	0.764987
53424	0.764987
53750	0.764987
53752	0.764987
53754	0.764987
53756	0.764987
53758	0.764987
53760	0.764987
53762	0.764987
53764	0.764987
53766	0.764987
53768	0.764987
54082	0.764987
54084	0.764987
54086	0.764987
54088	0.764987
54090	0.764987
54092	0.764987
54094	0.764987
54096	0.764987
54098	0.764987
54100	0.764987
54426	0.764987
54428	0.764987
54430	0.764987
54432	0.764987
54434	0.764987
54436	0.764987
54438	0.764987
54440	0.764987
54442	0.764987
54444	0.764987
54776	0.764987
54778	0.764987
54780	0.764987
54782	0.764987
54784	0.764987
54786	0.764987
54788	0.764987
54790	0.764987
54792	0.764987
54794	0.764987
55102	0.764987
55104	0.764987
55106	0.764987
55108	0.764987
55110	0.764987
55112	0.764987
55114	0.764987
55116	0.764987
55118	0.764987
55120	0.764987
55446	0.764987
55448	0.764987
55450	0.764987
55452	0.764987
55454	0.764987
55456	0.764987
55458	0.764987
55460	0.764987
55462	0.764987
55464	0.764987
55784	0.764987
55786	0.764987
55788	0.764987
55790	0.764987
55792	0.764987
55794	0.764987
55796	0.764987
55798	0.764987
55800	0.764987
55802	0.764987
56116	0.764987
56118	0.764987
56120	0.764987
56122	0.764987
56124	0.764987
56126	0.764987
56128	0.764987
56130	0.764987
56132	0.764987
56134	0.764987
56442	0.764987
56444	0.764987
56446	0.764987
56448	0.764987
56450	0.764987
56452	0.764987
56454	0.764987
56456	0.764987
56458	0.764987
56460	0.764987
56786	0.764987
56788	0.764987
56790	0.764987
56792	0.764987
56794	0.764987
56796	0.764987
56798	0.764987
56800	0.764987
56802	0.764987
56804	0.764987
57124	0.764987
57126	0.764987
57128	0.764987
57130	0.764987
57132	0.764987
57134	0.764987
57136	0.764987
57138	0.764987
57140	0.764987
57142	0.764987
57468	0.764987
57470	0.764987
57472	0.764987
57474	0.764987
57476	0.764987
57478	0.764987
57480	0.764987
57482	0.764987
57484	0.764987
57486	0.764987
57812	0.764987
57814	0.764987
57816	0.764987
57818	0.764987
57820	0.764987
57822	0.764987
57824	0.764987
57826	0.764987
57828	0.764987
57830	0.764987
58156	0.764987
58158	0.764987
58160	0.764987
58162	0.764987
58164	0.764987
58166	0.764987
58168	0.764987
58170	0.764987
58172	0.764987
58174	0.764987
58506	0.764987
58508	0.764987
58510	0.764987
58512	0.764987
58514	0.764987
58516	0.764987
58518	0.764987
58520	0.764987
58522	0.764987
58524	0.764987
58850	0.764987
58852	0.764987
58854	0.764987
58856	0.764987
58858	0.764987
58860	0.764987
58862	0.764987
58864	0.764987
58866	0.764987
58868	0.764987
59200	0.764987
59202	0.764987
59204	0.764987
59206	0.764987
59208	0.764987
59210	0.764987
59212	0.764987
59214	0.764987
59216	0.764987
59218	0.764987
59544	0.764987
59546	0.764987
59548	0.764987
59550	0.764987
59552	0.764987
59554	0.764987
59556	0.764987
59558	0.764987
59560	0.764987
59562	0.764987
59882	0.764987
59884	0.764987
59886	0.764987
59888	0.764987
59890	0.764987
59892	0.764987
59894	0.764987
59896	0.764987
59898	0.764987
59900	0.764987
60232	0.764987
60234	0.764987
60236	0.764987
60238	0.764987
60240	0.764987
60242	0.764987
60244	0.764987
60246	0.764987
60248	0.764987
60250	0.764987
60582	0.764987
60584	0.764987
60586	0.764987
60588	0.764987
60590	0.764987
60592	0.764987
60594	0.764987
60596	0.764987
60598	0.764987
60600	0.764987
60932	0.764987
60934	0.764987
60936	0.764987
60938	0.764987
60940	0.764987
60942	0.764987
60944	0.764987
60946	0.764987
60948	0.764987
60950	0.764987
61276	0.764987
61278	0.764987
61280	0.764987
61282	0.764987
61284	0.764987
61286	0.764987
61288	0.764987
61290	0.764987
61292	0.764987
61294	0.764987
61614	0.764987
61616	0.764987
61618	0.764987
61620	0.764987
61622	0.764987
61624	0.764987
61626	0.764987
61628	0.764987
61630	0.764987
61632	0.764987
61952	0.764987
61954	0.764987
61956	0.764987
61958	0.764987
61960	0.764987
61962	0.764987
61964	0.764987
61966	0.764987
61968	0.764987
61970	0.764987
62284	0.764987
62286	0.764987
62288	0.764987
62290	0.764987
62292	0.764987
62294	0.764987
62296	0.764987
62298	0.764987
62300	0.764987
62302	0.764987
62628	0.764987
62630	0.764987
62632	0.764987
62634	0.764987
62636	0.764987
62638	0.764987
62640	0.764987
62642	0.764987
62644	0.764987
62646	0.764987
62966	0.764987
62968	0.764987
62970	0.764987
62972	0.764987
62974	0.764987
62976	0.764987
62978	0.764987
62980	0.764987
62982	0.764987
62984	0.764987
63310	0.764987
63312	0.764987
63314	0.764987
63316	0.764987
63318	0.764987
63320	0.764987
63322	0.764987
63324	0.764987
63326	0.764987
63328	0.764987
63654	0.764987
63656	0.764987
63658	0.764987
63660	0.764987
63662	0.764987
63664	0.764987
63666	0.764987
63668	0.764987
63670	0.764987
63672	0.764987
63998	0.764987
64000	0.764987
64002	0.764987
64004	0.764987
64006	0.764987
64008	0.764987
64010	0.764987
64012	0.764987
64014	0.764987
64016	0.764987
64342	0.764987
64344	0.764987
64346	0.764987
64348	0.764987
64350	0.764987
64352	0.764987
64354	0.764987
64356	0.764987
64358	0.764987
64360	0.764987
64692	0.764987
64694	0.764987
64696	0.764987
64698	0.764987
64700	0.764987
64702	0.764987
64704	0.764987
64706	0.764987
64708	0.764987
64710	0.764987
65036	0.764987
65038	0.764987
65040	0.764987
65042	0.764987
65044	0.764987
65046	0.764987
65048	0.764987
65050	0.764987
65052	0.764987
65054	0.764987
65380	0.764987
65382	0.764987
65384	0.764987
65386	0.764987
65388	0.764987
65390	0.764987
65392	0.764987
65394	0.764987
65396	0.764987
65398	0.764987
65724	0.764987
65726	0.764987
65728	0.764987
65730	0.764987
65732	0.764987
65734	0.764987
65736	0.764987
65738	0.764987
65740	0.764987
65742	0.764987
66068	0.764987
66070	0.764987
66072	0.764987
66074	0.764987
66076	0.764987
66078	0.764987
66080	0.764987
66082	0.764987
66084	0.764987
66086	0.764987
66406	0.764987
66408	0.764987
66410	0.764987
66412	0.764987
66414	0.764987
66416	0.764987
66418	0.764987
66420	0.764987
66422	0.764987
66424	0.764987
66756	0.764987
66758	0.764987
66760	0.764987
66762	0.764987
66764	0.764987
66766	0.764987
66768	0.764987
66770	0.764987
66772	0.764987
66774	0.764987
67088	0.764987
67090	0.764987
67092	0.764987
67094	0.764987
67096	0.764987
67098	0.764987
67100	0.764987
67102	0.764987
67104	0.764987
67106	0.764987
67432	0.764987
67434	0.764987
67436	0.764987
67438	0.764987
67440	0.764987
67442	0.764987
67444	0.764987
67446	0.764987
67448	0.764987
67450	0.764987
67776	0.764987
67778	0.764987
67780	0.764987
67782	0.764987
67784	0.764987
67786	0.764987
67788	0.764987
67790	0.764987
67792	0.764987
67794	0.764987
68126	0.764987
68128	0.764987
68130	0.764987
68132	0.764987
68134	0.764987
68136	0.764987
68138	0.764987
68140	0.764987
68142	0.764987
68144	0.764987
68476	0.764987
68478	0.764987
68480	0.764987
68482	0.764987
68484	0.764987
68486	0.764987
68488	0.764987
68490	0.764987
68492	0.764987
68494	0.764987
68814	0.764987
68816	0.764987
68818	0.764987
68820	0.764987
68822	0.764987
68824	0.764987
68826	0.764987
68828	0.764987
68830	0.764987
68832	0.764987
69158	0.764987
69160	0.764987
69162	0.764987
69164	0.764987
69166	0.764987
69168	0.764987
69170	0.764987
69172	0.764987
69174	0.764987
69176	0.764987
69502	0.764987
69504	0.764987
69506	0.764987
69508	0.764987
69510	0.764987
69512	0.764987
69514	0.764987
69516	0.764987
69518	0.764987
69520	0.764987
69840	0.764987
69842	0.764987
69844	0.764987
69846	0.764987
69848	0.764987
69850	0.764987
69852	0.764987
69854	0.764987
69856	0.764987
69858	0.764987
70172	0.764987
70174	0.764987
70176	0.764987
70178	0.764987
70180	0.764987
70182	0.764987
70184	0.764987
70186	0.764987
70188	0.764987
70190	0.764987
70522	0.764987
70524	0.764987
70526	0.764987
70528	0.764987
70530	0.764987
70532	0.764987
70534	0.764987
70536	0.764987
70538	0.764987
70540	0.764987
70854	0.764987
70856	0.764987
70858	0.764987
70860	0.764987
70862	0.764987
70864	0.764987
70866	0.764987
70868	0.764987
70870	0.764987
70872	0.764987
71204	0.764987
71206	0.764987
71208	0.764987
71210	0.764987
71212	0.764987
71214	0.764987
71216	0.764987
71218	0.764987
71220	0.764987
71222	0.764987
71542	0.764987
71544	0.764987
71546	0.764987
71548	0.764987
71550	0.764987
71552	0.764987
71554	0.764987
71556	0.764987
71558	0.764987
71560	0.764987
71892	0.764987
71894	0.764987
71896	0.764987
71898	0.764987
71900	0.764987
71902	0.764987
71904	0.764987
71906	0.764987
71908	0.764987
71910	0.764987
72242	0.764987
72244	0.764987
72246	0.764987
72248	0.764987
72250	0.764987
72252	0.764987
72254	0.764987
72256	0.764987
72258	0.764987
72260	0.764987
72580	0.764987
72582	0.764987
72584	0.764987
72586	0.764987
72588	0.764987
72590	0.764987
72592	0.764987
72594	0.764987
72596	0.764987
72598	0.764987
72930	0.764987
72932	0.764987
72934	0.764987
72936	0.764987
72938	0.764987
72940	0.764987
72942	0.764987
72944	0.764987
72946	0.764987
72948	0.764987
73280	0.764987
73282	0.764987
73284	0.764987
73286	0.764987
73288	0.764987
73290	0.764987
73292	0.764987
73294	0.764987
73296	0.764987
73298	0.764987
73618	0.764987
73620	0.764987
73622	0.764987
73624	0.764987
73626	0.764987
73628	0.764987
73630	0.764987
73632	0.764987
73634	0.764987
73636	0.764987
73962	0.764987
73964	0.764987
73966	0.764987
73968	0.764987
73970	0.764987
73972	0.764987
73974	0.764987
73976	0.764987
73978	0.764987
73980	0.764987
74300	0.764987
74302	0.764987
74304	0.764987
74306	0.764987
74308	0.764987
74310	0.764987
74312	0.764987
74314	0.764987
74316	0.764987
74318	0.764987
74644	0.764987
74646	0.764987
74648	0.764987
74650	0.764987
74652	0.764987
74654	0.764987
74656	0.764987
74658	0.764987
74660	0.764987
74662	0.764987
74988	0.764987
74990	0.764987
74992	0.764987
74994	0.764987
74996	0.764987
74998	0.764987
75000	0.764987
75002	0.764987
75004	0.764987
75006	0.764987
75332	0.764987
75334	0.764987
75336	0.764987
75338	0.764987
75340	0.764987
75342	0.764987
75344	0.764987
75346	0.764987
75348	0.764987
75350	0.764987
75676	0.764987
75678	0.764987
75680	0.764987
75682	0.764987
75684	0.764987
75686	0.764987
75688	0.764987
75690	0.764987
75692	0.764987
75694	0.764987
76020	0.764987
76022	0.764987
76024	0.764987
76026	0.764987
76028	0.764987
76030	0.764987
76032	0.764987
76034	0.764987
76036	0.764987
76038	0.764987
76364	0.764987
76366	0.764987
76368	0.764987
76370	0.764987
76372	0.764987
76374	0.764987
76376	0.764987
76378	0.764987
76380	0.764987
76382	0.764987
76702	0.764987
76704	0.764987
76706	0.764987
76708	0.764987
76710	0.764987
76712	0.764987
76714	0.764987
76716	0.764987
76718	0.764987
76720	0.764987
77052	0.764987
77054	0.764987
77056	0.764987
77058	0.764987
77060	0.764987
77062	0.764987
77064	0.764987
77066	0.764987
77068	0.764987
77070	0.764987
77396	0.764987
77398	0.764987
77400	0.764987
77402	0.764987
77404	0.764987
77406	0.764987
77408	0.764987
77410	0.764987
77412	0.764987
77414	0.764987
77740	0.764987
77742	0.764987
77744	0.764987
77746	0.764987
77748	0.764987
77750	0.764987
77752	0.764987
77754	0.764987
77756	0.764987
77758	0.764987
78078	0.764987
78080	0.764987
78082	0.764987
78084	0.764987
78086	0.764987
78088	0.764987
78090	0.764987
78092	0.764987
78094	0.764987
78096	0.764987
78422	0.764987
78424	0.764987
78426	0.764987
78428	0.764987
78430	0.764987
78432	0.764987
78434	0.764987
78436	0.764987
78438	0.764987
78440	0.764987
78766	0.764987
78768	0.764987
78770	0.764987
78772	0.764987
78774	0.764987
78776	0.764987
78778	0.764987
78780	0.764987
78782	0.764987
78784	0.764987
79116	0.764987
79118	0.764987
79120	0.764987
79122	0.764987
79124	0.764987
79126	0.764987
79128	0.764987
79130	0.764987
79132	0.764987
79134	0.764987
79460	0.764987
79462	0.764987
79464	0.764987
79466	0.764987
79468	0.764987
79470	0.764987
79472	0.764987
79474	0.764987
79476	0.764987
79478	0.764987
79798	0.764987
79800	0.764987
79802	0.764987
79804	0.764987
79806	0.764987
79808	0.764987
79810	0.764987
79812	0.764987
79814	0.764987
79816	0.764987
80142	0.764987
80144	0.764987
80146	0.764987
80148	0.764987
80150	0.764987
80152	0.764987
80154	0.764987
80156	0.764987
80158	0.764987
80160	0.764987
80492	0.764987
80494	0.764987
80496	0.764987
80498	0.764987
80500	0.764987
80502	0.764987
80504	0.764987
80506	0.764987
80508	0.764987
80510	0.764987
80836	0.764987
80838	0.764987
80840	0.764987
80842	0.764987
80844	0.764987
80846	0.764987
80848	0.764987
80850	0.764987
80852	0.764987
80854	0.764987
81180	0.764987
81182	0.764987
81184	0.764987
81186	0.764987
81188	0.764987
81190	0.764987
81192	0.764987
81194	0.764987
81196	0.764987
81198	0.764987
81518	0.764987
81520	0.764987
81522	0.764987
81524	0.764987
81526	0.764987
81528	0.764987
81530	0.764987
81532	0.764987
81534	0.764987
81536	0.764987
81862	0.764987
81864	0.764987
81866	0.764987
81868	0.764987
81870	0.764987
81872	0.764987
81874	0.764987
81876	0.764987
81878	0.764987
81880	0.764987
82212	0.764987
82214	0.764987
82216	0.764987
82218	0.764987
82220	0.764987
82222	0.764987
82224	0.764987
82226	0.764987
82228	0.764987
82230	0.764987
82556	0.764987
82558	0.764987
82560	0.764987
82562	0.764987
82564	0.764987
82566	0.764987
82568	0.764987
82570	0.764987
82572	0.764987
82574	0.764987
82906	0.764987
82908	0.764987
82910	0.764987
82912	0.764987
82914	0.764987
82916	0.764987
82918	0.764987
82920	0.764987
82922	0.764987
82924	0.764987
83250	0.764987
83252	0.764987
83254	0.764987
83256	0.764987
83258	0.764987
83260	0.764987
83262	0.764987
83264	0.764987
83266	0.764987
83268	0.764987
83594	0.764987
83596	0.764987
83598	0.764987
83600	0.764987
83602	0.764987
83604	0.764987
83606	0.764987
83608	0.764987
83610	0.764987
83612	0.764987
83944	0.764987
83946	0.764987
83948	0.764987
83950	0.764987
83952	0.764987
83954	0.764987
83956	0.764987
83958	0.764987
83960	0.764987
83962	0.764987
84282	0.764987
84284	0.764987
84286	0.764987
84288	0.764987
84290	0.764987
84292	0.764987
84294	0.764987
84296	0.764987
84298	0.764987
84300	0.764987
84632	0.764987
84634	0.764987
84636	0.764987
84638	0.764987
84640	0.764987
84642	0.764987
84644	0.764987
84646	0.764987
84648	0.764987
84650	0.764987
84976	0.764987
84978	0.764987
84980	0.764987
84982	0.764987
84984	0.764987
84986	0.764987
84988	0.764987
84990	0.764987
84992	0.764987
84994	0.764987
85320	0.764987
85322	0.764987
85324	0.764987
85326	0.764987
85328	0.764987
85330	0.764987
85332	0.764987
85334	0.764987
85336	0.764987
85338	0.764987
85664	0.764987
85666	0.764987
85668	0.764987
85670	0.764987
85672	0.764987
85674	0.764987
85676	0.764987
85678	0.764987
85680	0.764987
85682	0.764987
86014	0.764987
86016	0.764987
86018	0.764987
86020	0.764987
86022	0.764987
86024	0.764987
86026	0.764987
86028	0.764987
86030	0.764987
86032	0.764987
86364	0.764987
86366	0.764987
86368	0.764987
86370	0.764987
86372	0.764987
86374	0.764987
86376	0.764987
86378	0.764987
86380	0.764987
86382	0.764987
86714	0.764987
86716	0.764987
86718	0.764987
86720	0.764987
86722	0.764987
86724	0.764987
86726	0.764987
86728	0.764987
86730	0.764987
86732	0.764987
87058	0.764987
87060	0.764987
87062	0.764987
87064	0.764987
87066	0.764987
87068	0.764987
87070	0.764987
87072	0.764987
87074	0.764987
87076	0.764987
87396	0.764987
87398	0.764987
87400	0.764987
87402	0.764987
87404	0.764987
87406	0.764987
87408	0.764987
87410	0.764987
87412	0.764987
87414	0.764987
87734	0.764987
87736	0.764987
87738	0.764987
87740	0.764987
87742	0.764987
87744	0.764987
87746	0.764987
87748	0.764987
87750	0.764987
87752	0.764987
88078	0.764987
88080	0.764987
88082	0.764987
88084	0.764987
88086	0.764987
88088	0.764987
88090	0.764987
88092	0.764987
88094	0.764987
88096	0.764987
88422	0.764987
88424	0.764987
88426	0.764987
88428	0.764987
88430	0.764987
88432	0.764987
88434	0.764987
88436	0.764987
88438	0.764987
88440	0.764987
88760	0.764987
88762	0.764987
88764	0.764987
88766	0.764987
88768	0.764987
88770	0.764987
88772	0.764987
88774	0.764987
88776	0.764987
88778	0.764987
89104	0.764987
89106	0.764987
89108	0.764987
89110	0.764987
89112	0.764987
89114	0.764987
89116	0.764987
89118	0.764987
89120	0.764987
89122	0.764987
89454	0.764987
89456	0.764987
89458	0.764987
89460	0.764987
89462	0.764987
89464	0.764987
89466	0.764987
89468	0.764987
89470	0.764987
89472	0.764987
89792	0.764987
89794	0.764987
89796	0.764987
89798	0.764987
89800	0.764987
89802	0.764987
89804	0.764987
89806	0.764987
89808	0.764987
89810	0.764987
90136	0.764987
90138	0.764987
90140	0.764987
90142	0.764987
90144	0.764987
90146	0.764987
90148	0.764987
90150	0.764987
90152	0.764987
90154	0.764987
90474	0.764987
90476	0.764987
90478	0.764987
90480	0.764987
90482	0.764987
90484	0.764987
90486	0.764987
90488	0.764987
90490	0.764987
90492	0.764987
90812	0.764987
90814	0.764987
90816	0.764987
90818	0.764987
90820	0.764987
90822	0.764987
90824	0.764987
90826	0.764987
90828	0.764987
90830	0.764987
91156	0.764987
91158	0.764987
91160	0.764987
91162	0.764987
91164	0.764987
91166	0.764987
91168	0.764987
91170	0.764987
91172	0.764987
91174	0.764987
91506	0.764987
91508	0.764987
91510	0.764987
91512	0.764987
91514	0.764987
91516	0.764987
91518	0.764987
91520	0.764987
91522	0.764987
91524	0.764987
91844	0.764987
91846	0.764987
91848	0.764987
91850	0.764987
91852	0.764987
91854	0.764987
91856	0.764987
91858	0.764987
91860	0.764987
91862	0.764987
92188	0.764987
92190	0.764987
92192	0.764987
92194	0.764987
92196	0.764987
92198	0.764987
92200	0.764987
92202	0.764987
92204	0.764987
92206	0.764987
92538	0.764987
92540	0.764987
92542	0.764987
92544	0.764987
92546	0.764987
92548	0.764987
92550	0.764987
92552	0.764987
92554	0.764987
92556	0.764987
92870	0.764987
92872	0.764987
92874	0.764987
92876	0.764987
92878	0.764987
92880	0.764987
92882	0.764987
92884	0.764987
92886	0.764987
92888	0.764987
93208	0.764987
93210	0.764987
93212	0.764987
93214	0.764987
93216	0.764987
93218	0.764987
93220	0.764987
93222	0.764987
93224	0.764987
93226	0.764987
93546	0.764987
93548	0.764987
93550	0.764987
93552	0.764987
93554	0.764987
93556	0.764987
93558	0.764987
93560	0.764987
93562	0.764987
93564	0.764987
93890	0.764987
93892	0.764987
93894	0.764987
93896	0.764987
93898	0.764987
93900	0.764987
93902	0.764987
93904	0.764987
93906	0.764987
93908	0.764987
94240	0.764987
94242	0.764987
94244	0.764987
94246	0.764987
94248	0.764987
94250	0.764987
94252	0.764987
94254	0.764987
94256	0.764987
94258	0.764987
94590	0.764987
94592	0.764987
94594	0.764987
94596	0.764987
94598	0.764987
94600	0.764987
94602	0.764987
94604	0.764987
94606	0.764987
94608	0.764987
94934	0.764987
94936	0.764987
94938	0.764987
94940	0.764987
94942	0.764987
94944	0.764987
94946	0.764987
94948	0.764987
94950	0.764987
94952	0.764987
95278	0.764987
95280	0.764987
95282	0.764987
95284	0.764987
95286	0.764987
95288	0.764987
95290	0.764987
95292	0.764987
95294	0.764987
95296	0.764987
95604	0.764987
95606	0.764987
95608	0.764987
95610	0.764987
95612	0.764987
95614	0.764987
95616	0.764987
95618	0.764987
95620	0.764987
95622	0.764987
95918	0.764987
95920	0.764987
95922	0.764987
95924	0.764987
95926	0.764987
95928	0.764987
95930	0.764987
95932	0.764987
95934	0.764987
95936	0.764987
96262	0.764987
96264	0.764987
96266	0.764987
96268	0.764987
96270	0.764987
96272	0.764987
96274	0.764987
96276	0.764987
96278	0.764987
96280	0.764987
96612	0.764987
96614	0.764987
96616	0.764987
96618	0.764987
96620	0.764987
96622	0.764987
96624	0.764987
96626	0.764987
96628	0.764987
96630	0.764987
96962	0.764987
96964	0.764987
96966	0.764987
96968	0.764987
96970	0.764987
96972	0.764987
96974	0.764987
96976	0.764987
96978	0.764987
96980	0.764987
97312	0.764987
97314	0.764987
97316	0.764987
97318	0.764987
97320	0.764987
97322	0.764987
97324	0.764987
97326	0.764987
97328	0.764987
97330	0.764987
97662	0.764987
97664	0.764987
97666	0.764987
97668	0.764987
97670	0.764987
97672	0.764987
97674	0.764987
97676	0.764987
97678	0.764987
97680	0.764987
98000	0.764987
98002	0.764987
98004	0.764987
98006	0.764987
98008	0.764987
98010	0.764987
98012	0.764987
98014	0.764987
98016	0.764987
98018	0.764987
98338	0.764987
98340	0.764987
98342	0.764987
98344	0.764987
98346	0.764987
98348	0.764987
98350	0.764987
98352	0.764987
98354	0.764987
98356	0.764987
98688	0.764987
98690	0.764987
98692	0.764987
98694	0.764987
98696	0.764987
98698	0.764987
98700	0.764987
98702	0.764987
98704	0.764987
98706	0.764987
99032	0.764987
99034	0.764987
99036	0.764987
99038	0.764987
99040	0.764987
99042	0.764987
99044	0.764987
99046	0.764987
99048	0.764987
99050	0.764987
99382	0.764987
99384	0.764987
99386	0.764987
99388	0.764987
99390	0.764987
99392	0.764987
99394	0.764987
99396	0.764987
99398	0.764987
99400	0.764987
99720	0.764987
99722	0.764987
99724	0.764987
99726	0.764987
99728	0.764987
99730	0.764987
99732	0.764987
99734	0.764987
99736	0.764987
99738	0.764987
100058	0.764987
AM_1_1best	23	0.664109	0.764987	9.82711	860681
