1	2.87275
2	2.87275
3	2.87275
5	2.87025
6	2.87025
7	2.87025
8	2.87025
10	2.85274
12	2.84666
14	2.82844
15	2.82844
16	2.82844
19	2.78957
22	2.74662
25	2.74531
26	2.74531
27	2.74531
29	2.73518
31	2.71066
33	2.68871
34	2.68871
35	2.68871
36	2.68871
37	2.68871
38	2.68871
39	2.68871
40	2.68871
42	2.67398
44	2.64578
45	2.64578
46	2.64578
47	2.64578
52	2.60373
54	2.58878
56	2.58087
57	2.58087
58	2.58087
59	2.58087
60	2.58087
61	2.58087
64	2.56994
67	2.55409
68	2.55409
70	2.54636
71	2.54636
74	2.53119
75	2.53119
77	2.52945
78	2.52945
79	2.52945
83	2.48376
84	2.48376
85	2.48376
86	2.48376
88	2.46859
89	2.46859
90	2.46859
91	2.46859
92	2.46859
93	2.46859
95	2.46728
96	2.46728
97	2.46728
98	2.46728
99	2.46728
100	2.46728
101	2.46728
104	2.44492
105	2.44492
106	2.44492
107	2.44492
109	2.43108
110	2.43108
111	2.43108
112	2.43108
113	2.43108
115	2.41548
116	2.41548
117	2.41548
118	2.41548
121	2.39892
122	2.39892
123	2.39892
124	2.39892
125	2.39892
127	2.39065
128	2.39065
129	2.39065
130	2.39065
133	2.34943
134	2.34943
135	2.34943
138	2.34544
139	2.34544
140	2.34544
141	2.34544
142	2.34544
143	2.34544
144	2.34544
146	2.3442
147	2.3442
149	2.33761
150	2.33761
152	2.30959
154	2.30932
155	2.30932
156	2.30932
157	2.30932
159	2.30409
160	2.30409
161	2.30409
162	2.30409
163	2.30409
164	2.30409
165	2.30409
166	2.30409
167	2.30409
168	2.30409
169	2.30409
170	2.30409
171	2.30409
172	2.30409
173	2.30409
174	2.30409
175	2.30409
176	2.30409
177	2.30409
178	2.30409
179	2.30409
180	2.30409
181	2.30409
183	2.29112
184	2.29112
187	2.27663
188	2.27663
189	2.27663
190	2.27663
192	2.27406
193	2.27406
196	2.26374
197	2.26374
199	2.26168
200	2.26168
201	2.26168
202	2.26168
203	2.26168
204	2.26168
205	2.26168
206	2.26168
207	2.26168
208	2.26168
210	2.24207
211	2.24207
212	2.24207
213	2.24207
214	2.24207
215	2.24207
217	2.22949
218	2.22949
221	2.22224
224	2.19797
225	2.19797
226	2.19797
227	2.19797
228	2.19797
229	2.19797
230	2.19797
231	2.19797
232	2.19797
233	2.19797
234	2.19797
235	2.19797
236	2.19797
237	2.19797
238	2.19797
239	2.19797
240	2.19797
241	2.19797
242	2.19797
244	2.18168
245	2.18168
246	2.18168
247	2.18168
248	2.18168
249	2.18168
250	2.18168
251	2.18168
252	2.18168
255	2.16988
256	2.16988
257	2.16988
259	2.1643
260	2.1643
261	2.1643
262	2.1643
263	2.1643
264	2.1643
265	2.1643
266	2.1643
267	2.1643
268	2.1643
269	2.1643
270	2.1643
271	2.1643
273	2.16313
274	2.16313
275	2.16313
276	2.16313
278	2.15628
279	2.15628
280	2.15628
282	2.15248
283	2.15248
284	2.15248
286	2.14258
287	2.14258
289	2.1376
290	2.1376
291	2.1376
292	2.1376
293	2.1376
294	2.1376
296	2.13489
297	2.13489
298	2.13489
299	2.13489
300	2.13489
301	2.13489
302	2.13489
304	2.11766
306	2.09344
307	2.09344
308	2.09344
309	2.09344
310	2.09344
312	2.09314
313	2.09314
315	2.08873
316	2.08873
320	2.0822
321	2.0822
322	2.0822
323	2.0822
324	2.0822
325	2.0822
326	2.0822
327	2.0822
330	2.05767
331	2.05767
332	2.05767
333	2.05767
334	2.05767
335	2.05767
336	2.05767
337	2.05767
338	2.05767
339	2.05767
340	2.05767
341	2.05767
342	2.05767
343	2.05767
344	2.05767
345	2.05767
347	2.05342
348	2.05342
349	2.05342
350	2.05342
351	2.05342
352	2.05342
353	2.05342
355	2.03776
356	2.03776
357	2.03776
358	2.03776
359	2.03776
361	2.03159
362	2.03159
363	2.03159
364	2.03159
366	2.02518
367	2.02518
368	2.02518
369	2.02518
370	2.02518
372	2.02198
373	2.02198
374	2.02198
375	2.02198
377	2.01224
378	2.01224
380	2.00461
381	2.00461
382	2.00461
383	2.00461
384	2.00461
385	2.00461
386	2.00461
387	2.00461
388	2.00461
390	1.99978
391	1.99978
392	1.99978
393	1.99978
394	1.99978
395	1.99978
397	1.99338
398	1.99338
399	1.99338
400	1.99338
401	1.99338
402	1.99338
403	1.99338
404	1.99338
405	1.99338
406	1.99338
407	1.99338
408	1.99338
409	1.99338
411	1.98575
412	1.98575
413	1.98575
414	1.98575
415	1.98575
416	1.98575
417	1.98575
418	1.98575
419	1.98575
420	1.98575
421	1.98575
423	1.97625
424	1.97625
426	1.96982
427	1.96982
428	1.96982
429	1.96982
430	1.96982
431	1.96982
432	1.96982
433	1.96982
434	1.96982
435	1.96982
436	1.96982
437	1.96982
438	1.96982
439	1.96982
440	1.96982
441	1.96982
442	1.96982
443	1.96982
444	1.96982
445	1.96982
446	1.96982
447	1.96982
448	1.96982
449	1.96982
451	1.96522
452	1.96522
453	1.96522
454	1.96522
455	1.96522
456	1.96522
457	1.96522
458	1.96522
460	1.95579
463	1.94876
464	1.94876
465	1.94876
466	1.94876
468	1.94857
469	1.94857
470	1.94857
471	1.94857
472	1.94857
473	1.94857
474	1.94857
476	1.94728
477	1.94728
479	1.94624
480	1.94624
481	1.94624
482	1.94624
483	1.94624
484	1.94624
487	1.94089
488	1.94089
489	1.94089
490	1.94089
491	1.94089
492	1.94089
494	1.9372
495	1.9372
496	1.9372
497	1.9372
498	1.9372
499	1.9372
500	1.9372
501	1.9372
502	1.9372
503	1.9372
504	1.9372
505	1.9372
506	1.9372
507	1.9372
508	1.9372
509	1.9372
510	1.9372
511	1.9372
512	1.9372
513	1.9372
514	1.9372
515	1.9372
516	1.9372
519	1.9136
521	1.90664
522	1.90664
523	1.90664
524	1.90664
525	1.90664
526	1.90664
527	1.90664
528	1.90664
529	1.90664
530	1.90664
531	1.90664
532	1.90664
533	1.90664
534	1.90664
535	1.90664
536	1.90664
537	1.90664
538	1.90664
539	1.90664
540	1.90664
541	1.90664
542	1.90664
543	1.90664
544	1.90664
545	1.90664
546	1.90664
547	1.90664
549	1.90174
552	1.874
554	1.86179
555	1.86179
556	1.86179
557	1.86179
558	1.86179
559	1.86179
560	1.86179
561	1.86179
562	1.86179
564	1.85849
566	1.85577
567	1.85577
568	1.85577
569	1.85577
570	1.85577
571	1.85577
572	1.85577
573	1.85577
574	1.85577
575	1.85577
576	1.85577
577	1.85577
578	1.85577
579	1.85577
580	1.85577
581	1.85577
583	1.85289
585	1.84545
586	1.84545
587	1.84545
588	1.84545
589	1.84545
590	1.84545
591	1.84545
592	1.84545
593	1.84545
594	1.84545
595	1.84545
596	1.84545
597	1.84545
598	1.84545
599	1.84545
600	1.84545
601	1.84545
602	1.84545
603	1.84545
604	1.84545
605	1.84545
607	1.84456
609	1.8343
610	1.8343
611	1.8343
612	1.8343
613	1.8343
614	1.8343
615	1.8343
616	1.8343
617	1.8343
618	1.8343
619	1.8343
620	1.8343
621	1.8343
622	1.8343
623	1.8343
624	1.8343
625	1.8343
627	1.83121
628	1.83121
629	1.83121
630	1.83121
631	1.83121
632	1.83121
633	1.83121
634	1.83121
635	1.83121
636	1.83121
637	1.83121
639	1.82453
640	1.82453
641	1.82453
642	1.82453
643	1.82453
644	1.82453
645	1.82453
646	1.82453
647	1.82453
648	1.82453
649	1.82453
650	1.82453
652	1.82265
654	1.81671
655	1.81671
656	1.81671
657	1.81671
658	1.81671
659	1.81671
660	1.81671
661	1.81671
662	1.81671
663	1.81671
665	1.81204
666	1.81204
667	1.81204
668	1.81204
669	1.81204
671	1.80092
672	1.80092
673	1.80092
674	1.80092
675	1.80092
676	1.80092
677	1.80092
678	1.80092
679	1.80092
680	1.80092
681	1.80092
682	1.80092
683	1.80092
684	1.80092
686	1.78508
687	1.78508
688	1.78508
689	1.78508
690	1.78508
691	1.78508
692	1.78508
693	1.78508
695	1.74885
696	1.74885
697	1.74885
698	1.74885
699	1.74885
700	1.74885
701	1.74885
702	1.74885
703	1.74885
704	1.74885
705	1.74885
706	1.74885
708	1.7328
709	1.7328
711	1.7291
712	1.7291
713	1.7291
714	1.7291
715	1.7291
716	1.7291
717	1.7291
718	1.7291
719	1.7291
720	1.7291
721	1.7291
723	1.70878
724	1.70878
726	1.69896
727	1.69896
728	1.69896
729	1.69896
730	1.69896
731	1.69896
732	1.69896
733	1.69896
734	1.69896
735	1.69896
737	1.68825
738	1.68825
739	1.68825
740	1.68825
741	1.68825
742	1.68825
743	1.68825
744	1.68825
745	1.68825
746	1.68825
747	1.68825
748	1.68825
749	1.68825
750	1.68825
751	1.68825
752	1.68825
753	1.68825
754	1.68825
755	1.68825
756	1.68825
757	1.68825
758	1.68825
759	1.68825
760	1.68825
761	1.68825
762	1.68825
763	1.68825
764	1.68825
765	1.68825
766	1.68825
769	1.65899
770	1.65899
771	1.65899
772	1.65899
773	1.65899
774	1.65899
775	1.65899
776	1.65899
777	1.65899
778	1.65899
779	1.65899
780	1.65899
781	1.65899
782	1.65899
783	1.65899
784	1.65899
785	1.65899
786	1.65899
787	1.65899
788	1.65899
789	1.65899
791	1.63758
792	1.63758
793	1.63758
794	1.63758
795	1.63758
796	1.63758
797	1.63758
799	1.63087
800	1.63087
801	1.63087
802	1.63087
803	1.63087
804	1.63087
805	1.63087
806	1.63087
807	1.63087
808	1.63087
809	1.63087
810	1.63087
811	1.63087
812	1.63087
813	1.63087
814	1.63087
815	1.63087
816	1.63087
817	1.63087
818	1.63087
819	1.63087
820	1.63087
821	1.63087
822	1.63087
823	1.63087
824	1.63087
825	1.63087
827	1.62265
828	1.62265
829	1.62265
830	1.62265
831	1.62265
832	1.62265
833	1.62265
834	1.62265
835	1.62265
836	1.62265
837	1.62265
838	1.62265
839	1.62265
840	1.62265
841	1.62265
842	1.62265
843	1.62265
844	1.62265
845	1.62265
846	1.62265
847	1.62265
848	1.62265
849	1.62265
850	1.62265
852	1.62039
853	1.62039
854	1.62039
855	1.62039
856	1.62039
857	1.62039
858	1.62039
859	1.62039
860	1.62039
861	1.62039
862	1.62039
863	1.62039
865	1.61757
866	1.61757
867	1.61757
868	1.61757
869	1.61757
870	1.61757
871	1.61757
872	1.61757
873	1.61757
874	1.61757
875	1.61757
876	1.61757
877	1.61757
878	1.61757
879	1.61757
881	1.61675
882	1.61675
883	1.61675
884	1.61675
885	1.61675
886	1.61675
887	1.61675
888	1.61675
889	1.61675
890	1.61675
891	1.61675
892	1.61675
893	1.61675
894	1.61675
895	1.61675
896	1.61675
897	1.61675
898	1.61675
899	1.61675
900	1.61675
901	1.61675
902	1.61675
903	1.61675
904	1.61675
905	1.61675
906	1.61675
907	1.61675
908	1.61675
909	1.61675
910	1.61675
911	1.61675
912	1.61675
914	1.61579
915	1.61579
916	1.61579
917	1.61579
918	1.61579
919	1.61579
920	1.61579
921	1.61579
923	1.61574
924	1.61574
925	1.61574
926	1.61574
927	1.61574
928	1.61574
929	1.61574
931	1.61076
932	1.61076
933	1.61076
934	1.61076
936	1.60353
937	1.60353
938	1.60353
939	1.60353
940	1.60353
941	1.60353
942	1.60353
943	1.60353
944	1.60353
945	1.60353
946	1.60353
947	1.60353
948	1.60353
949	1.60353
950	1.60353
951	1.60353
952	1.60353
953	1.60353
954	1.60353
955	1.60353
956	1.60353
957	1.60353
958	1.60353
959	1.60353
960	1.60353
962	1.5949
963	1.5949
964	1.5949
965	1.5949
966	1.5949
967	1.5949
968	1.5949
969	1.5949
970	1.5949
971	1.5949
972	1.5949
973	1.5949
974	1.5949
975	1.5949
977	1.58251
978	1.58251
979	1.58251
980	1.58251
981	1.58251
982	1.58251
983	1.58251
984	1.58251
985	1.58251
986	1.58251
987	1.58251
988	1.58251
989	1.58251
990	1.58251
991	1.58251
992	1.58251
993	1.58251
994	1.58251
995	1.58251
996	1.58251
997	1.58251
998	1.58251
999	1.58251
1000	1.58251
1001	1.58251
1002	1.58251
1003	1.58251
1004	1.58251
1005	1.58251
1006	1.58251
1007	1.58251
1008	1.58251
1009	1.58251
1010	1.58251
1011	1.58251
1012	1.58251
1013	1.58251
1014	1.58251
1015	1.58251
1017	1.5435
1018	1.5435
1019	1.5435
1020	1.5435
1021	1.5435
1022	1.5435
1023	1.5435
1024	1.5435
1025	1.5435
1026	1.5435
1027	1.5435
1028	1.5435
1029	1.5435
1030	1.5435
1031	1.5435
1032	1.5435
1033	1.5435
1034	1.5435
1035	1.5435
1036	1.5435
1037	1.5435
1038	1.5435
1040	1.53914
1041	1.53914
1043	1.52658
1044	1.52658
1045	1.52658
1046	1.52658
1047	1.52658
1049	1.50875
1050	1.50875
1052	1.49754
1053	1.49754
1054	1.49754
1055	1.49754
1056	1.49754
1057	1.49754
1058	1.49754
1059	1.49754
1060	1.49754
1061	1.49754
1062	1.49754
1064	1.48869
1065	1.48869
1066	1.48869
1067	1.48869
1068	1.48869
1069	1.48869
1071	1.48834
1072	1.48834
1073	1.48834
1075	1.46728
1076	1.46728
1077	1.46728
1078	1.46728
1080	1.46392
1081	1.46392
1082	1.46392
1083	1.46392
1084	1.46392
1085	1.46392
1086	1.46392
1087	1.46392
1088	1.46392
1089	1.46392
1090	1.46392
1091	1.46392
1092	1.46392
1093	1.46392
1094	1.46392
1095	1.46392
1096	1.46392
1097	1.46392
1098	1.46392
1099	1.46392
1100	1.46392
1101	1.46392
1102	1.46392
1103	1.46392
1104	1.46392
1105	1.46392
1106	1.46392
1107	1.46392
1108	1.46392
1109	1.46392
1110	1.46392
1111	1.46392
1112	1.46392
1113	1.46392
1114	1.46392
1115	1.46392
1117	1.44703
1118	1.44703
1119	1.44703
1121	1.44282
1122	1.44282
1123	1.44282
1124	1.44282
1125	1.44282
1126	1.44282
1127	1.44282
1128	1.44282
1129	1.44282
1130	1.44282
1131	1.44282
1132	1.44282
1133	1.44282
1134	1.44282
1135	1.44282
1136	1.44282
1137	1.44282
1138	1.44282
1139	1.44282
1140	1.44282
1141	1.44282
1142	1.44282
1143	1.44282
1144	1.44282
1145	1.44282
1146	1.44282
1147	1.44282
1148	1.44282
1149	1.44282
1150	1.44282
1151	1.44282
1152	1.44282
1153	1.44282
1154	1.44282
1155	1.44282
1156	1.44282
1157	1.44282
1158	1.44282
1159	1.44282
1160	1.44282
1161	1.44282
1162	1.44282
1163	1.44282
1164	1.44282
1166	1.43896
1167	1.43896
1168	1.43896
1169	1.43896
1170	1.43896
1171	1.43896
1172	1.43896
1173	1.43896
1174	1.43896
1175	1.43896
1176	1.43896
1177	1.43896
1178	1.43896
1179	1.43896
1180	1.43896
1181	1.43896
1182	1.43896
1183	1.43896
1184	1.43896
1185	1.43896
1186	1.43896
1187	1.43896
1188	1.43896
1189	1.43896
1190	1.43896
1191	1.43896
1192	1.43896
1193	1.43896
1194	1.43896
1195	1.43896
1196	1.43896
1197	1.43896
1198	1.43896
1199	1.43896
1200	1.43896
1201	1.43896
1202	1.43896
1203	1.43896
1204	1.43896
1205	1.43896
1206	1.43896
1207	1.43896
1208	1.43896
1209	1.43896
1211	1.43358
1212	1.43358
1213	1.43358
1214	1.43358
1215	1.43358
1216	1.43358
1217	1.43358
1218	1.43358
1219	1.43358
1220	1.43358
1221	1.43358
1222	1.43358
1223	1.43358
1224	1.43358
1225	1.43358
1226	1.43358
1227	1.43358
1228	1.43358
1229	1.43358
1230	1.43358
1231	1.43358
1232	1.43358
1233	1.43358
1234	1.43358
1235	1.43358
1236	1.43358
1237	1.43358
1238	1.43358
1239	1.43358
1240	1.43358
1241	1.43358
1242	1.43358
1243	1.43358
1244	1.43358
1245	1.43358
1246	1.43358
1247	1.43358
1249	1.42091
1250	1.42091
1251	1.42091
1252	1.42091
1253	1.42091
1254	1.42091
1255	1.42091
1256	1.42091
1257	1.42091
1258	1.42091
1259	1.42091
1260	1.42091
1261	1.42091
1262	1.42091
1263	1.42091
1264	1.42091
1265	1.42091
1266	1.42091
1267	1.42091
1268	1.42091
1269	1.42091
1270	1.42091
1271	1.42091
1272	1.42091
1273	1.42091
1275	1.41691
1276	1.41691
1277	1.41691
1278	1.41691
1279	1.41691
1280	1.41691
1281	1.41691
1282	1.41691
1283	1.41691
1284	1.41691
1285	1.41691
1286	1.41691
1287	1.41691
1288	1.41691
1289	1.41691
1290	1.41691
1291	1.41691
1292	1.41691
1293	1.41691
1294	1.41691
1295	1.41691
1296	1.41691
1297	1.41691
1299	1.4054
1300	1.4054
1301	1.4054
1302	1.4054
1303	1.4054
1304	1.4054
1305	1.4054
1306	1.4054
1307	1.4054
1308	1.4054
1309	1.4054
1310	1.4054
1311	1.4054
1312	1.4054
1313	1.4054
1314	1.4054
1316	1.40115
1317	1.40115
1318	1.40115
1319	1.40115
1320	1.40115
1321	1.40115
1322	1.40115
1323	1.40115
1324	1.40115
1325	1.40115
1326	1.40115
1327	1.40115
1328	1.40115
1329	1.40115
1330	1.40115
1331	1.40115
1332	1.40115
1333	1.40115
1334	1.40115
1335	1.40115
1336	1.40115
1337	1.40115
1338	1.40115
1339	1.40115
1340	1.40115
1341	1.40115
1342	1.40115
1343	1.40115
1344	1.40115
1345	1.40115
1346	1.40115
1347	1.40115
1348	1.40115
1349	1.40115
1350	1.40115
1351	1.40115
1352	1.40115
1353	1.40115
1354	1.40115
1355	1.40115
1356	1.40115
1357	1.40115
1358	1.40115
1359	1.40115
1360	1.40115
1361	1.40115
1362	1.40115
1363	1.40115
1364	1.40115
1365	1.40115
1366	1.40115
1367	1.40115
1368	1.40115
1369	1.40115
1370	1.40115
1372	1.38205
1373	1.38205
1374	1.38205
1375	1.38205
1376	1.38205
1379	1.36644
1380	1.36644
1381	1.36644
1382	1.36644
1383	1.36644
1384	1.36644
1385	1.36644
1386	1.36644
1387	1.36644
1388	1.36644
1389	1.36644
1390	1.36644
1391	1.36644
1392	1.36644
1393	1.36644
1394	1.36644
1395	1.36644
1396	1.36644
1397	1.36644
1398	1.36644
1399	1.36644
1400	1.36644
1401	1.36644
1402	1.36644
1403	1.36644
1405	1.36288
1406	1.36288
1407	1.36288
1410	1.33012
1411	1.33012
1412	1.33012
1413	1.33012
1414	1.33012
1415	1.33012
1416	1.33012
1417	1.33012
1418	1.33012
1419	1.33012
1420	1.33012
1421	1.33012
1422	1.33012
1423	1.33012
1424	1.33012
1425	1.33012
1426	1.33012
1427	1.33012
1428	1.33012
1429	1.33012
1430	1.33012
1431	1.33012
1432	1.33012
1433	1.33012
1434	1.33012
1435	1.33012
1436	1.33012
1437	1.33012
1438	1.33012
1439	1.33012
1440	1.33012
1441	1.33012
1442	1.33012
1443	1.33012
1444	1.33012
1445	1.33012
1446	1.33012
1447	1.33012
1448	1.33012
1449	1.33012
1450	1.33012
1451	1.33012
1452	1.33012
1453	1.33012
1454	1.33012
1455	1.33012
1456	1.33012
1457	1.33012
1458	1.33012
1459	1.33012
1460	1.33012
1462	1.32982
1463	1.32982
1464	1.32982
1465	1.32982
1466	1.32982
1467	1.32982
1468	1.32982
1469	1.32982
1470	1.32982
1471	1.32982
1472	1.32982
1473	1.32982
1474	1.32982
1475	1.32982
1476	1.32982
1477	1.32982
1478	1.32982
1479	1.32982
1480	1.32982
1481	1.32982
1482	1.32982
1483	1.32982
1484	1.32982
1485	1.32982
1486	1.32982
1487	1.32982
1488	1.32982
1490	1.31451
1491	1.31451
1492	1.31451
1493	1.31451
1494	1.31451
1495	1.31451
1496	1.31451
1497	1.31451
1498	1.31451
1499	1.31451
1500	1.31451
1501	1.31451
1502	1.31451
1503	1.31451
1505	1.29846
1506	1.29846
1507	1.29846
1508	1.29846
1509	1.29846
1510	1.29846
1511	1.29846
1512	1.29846
1513	1.29846
1514	1.29846
1515	1.29846
1516	1.29846
1517	1.29846
1518	1.29846
1519	1.29846
1520	1.29846
1521	1.29846
1522	1.29846
1523	1.29846
1524	1.29846
1525	1.29846
1526	1.29846
1527	1.29846
1528	1.29846
1529	1.29846
1530	1.29846
1531	1.29846
1532	1.29846
1533	1.29846
1534	1.29846
1535	1.29846
1536	1.29846
1537	1.29846
1538	1.29846
1539	1.29846
1540	1.29846
1541	1.29846
1543	1.29614
1544	1.29614
1545	1.29614
1546	1.29614
1547	1.29614
1548	1.29614
1549	1.29614
1550	1.29614
1551	1.29614
1552	1.29614
1553	1.29614
1554	1.29614
1555	1.29614
1556	1.29614
1557	1.29614
1558	1.29614
1559	1.29614
1560	1.29614
1561	1.29614
1562	1.29614
1563	1.29614
1564	1.29614
1565	1.29614
1566	1.29614
1567	1.29614
1568	1.29614
1569	1.29614
1570	1.29614
1571	1.29614
1572	1.29614
1573	1.29614
1574	1.29614
1575	1.29614
1576	1.29614
1577	1.29614
1578	1.29614
1579	1.29614
1580	1.29614
1581	1.29614
1582	1.29614
1583	1.29614
1584	1.29614
1585	1.29614
1586	1.29614
1587	1.29614
1588	1.29614
1589	1.29614
1590	1.29614
1592	1.29553
1593	1.29553
1594	1.29553
1595	1.29553
1596	1.29553
1597	1.29553
1598	1.29553
1599	1.29553
1600	1.29553
1601	1.29553
1602	1.29553
1603	1.29553
1604	1.29553
1605	1.29553
1606	1.29553
1607	1.29553
1608	1.29553
1609	1.29553
1610	1.29553
1611	1.29553
1612	1.29553
1613	1.29553
1614	1.29553
1615	1.29553
1616	1.29553
1617	1.29553
1618	1.29553
1619	1.29553
1620	1.29553
1621	1.29553
1622	1.29553
1623	1.29553
1624	1.29553
1626	1.29117
1627	1.29117
1628	1.29117
1629	1.29117
1630	1.29117
1631	1.29117
1632	1.29117
1633	1.29117
1634	1.29117
1635	1.29117
1636	1.29117
1637	1.29117
1638	1.29117
1639	1.29117
1640	1.29117
1641	1.29117
1642	1.29117
1643	1.29117
1644	1.29117
1645	1.29117
1646	1.29117
1647	1.29117
1648	1.29117
1649	1.29117
1650	1.29117
1651	1.29117
1652	1.29117
1653	1.29117
1654	1.29117
1655	1.29117
1656	1.29117
1657	1.29117
1658	1.29117
1660	1.2627
1661	1.2627
1662	1.2627
1663	1.2627
1664	1.2627
1665	1.2627
1666	1.2627
1667	1.2627
1668	1.2627
1669	1.2627
1670	1.2627
1671	1.2627
1672	1.2627
1673	1.2627
1674	1.2627
1675	1.2627
1676	1.2627
1677	1.2627
1678	1.2627
1679	1.2627
1680	1.2627
1681	1.2627
1682	1.2627
1683	1.2627
1684	1.2627
1685	1.2627
1686	1.2627
1687	1.2627
1688	1.2627
1689	1.2627
1690	1.2627
1691	1.2627
1692	1.2627
1693	1.2627
1694	1.2627
1695	1.2627
1696	1.2627
1697	1.2627
1698	1.2627
1699	1.2627
1700	1.2627
1701	1.2627
1702	1.2627
1703	1.2627
1704	1.2627
1705	1.2627
1706	1.2627
1707	1.2627
1708	1.2627
1709	1.2627
1710	1.2627
1711	1.2627
1712	1.2627
1714	1.24116
1715	1.24116
1716	1.24116
1717	1.24116
1718	1.24116
1719	1.24116
1720	1.24116
1721	1.24116
1722	1.24116
1723	1.24116
1724	1.24116
1725	1.24116
1726	1.24116
1727	1.24116
1728	1.24116
1729	1.24116
1730	1.24116
1731	1.24116
1732	1.24116
1733	1.24116
1734	1.24116
1735	1.24116
1736	1.24116
1737	1.24116
1738	1.24116
1739	1.24116
1740	1.24116
1741	1.24116
1742	1.24116
1743	1.24116
1744	1.24116
1745	1.24116
1746	1.24116
1747	1.24116
1748	1.24116
1749	1.24116
1750	1.24116
1751	1.24116
1752	1.24116
1753	1.24116
1754	1.24116
1755	1.24116
1756	1.24116
1757	1.24116
1758	1.24116
1759	1.24116
1760	1.24116
1761	1.24116
1762	1.24116
1763	1.24116
1764	1.24116
1766	1.23456
1767	1.23456
1768	1.23456
1769	1.23456
1770	1.23456
1772	1.23293
1773	1.23293
1774	1.23293
1775	1.23293
1776	1.23293
1777	1.23293
1778	1.23293
1779	1.23293
1780	1.23293
1781	1.23293
1782	1.23293
1783	1.23293
1784	1.23293
1785	1.23293
1786	1.23293
1787	1.23293
1788	1.23293
1789	1.23293
1790	1.23293
1791	1.23293
1792	1.23293
1793	1.23293
1794	1.23293
1795	1.23293
1796	1.23293
1797	1.23293
1798	1.23293
1799	1.23293
1800	1.23293
1801	1.23293
1802	1.23293
1803	1.23293
1804	1.23293
1805	1.23293
1806	1.23293
1807	1.23293
1808	1.23293
1809	1.23293
1810	1.23293
1811	1.23293
1812	1.23293
1813	1.23293
1814	1.23293
1815	1.23293
1816	1.23293
1817	1.23293
1818	1.23293
1819	1.23293
1820	1.23293
1821	1.23293
1822	1.23293
1823	1.23293
1824	1.23293
1825	1.23293
1826	1.23293
1827	1.23293
1829	1.23226
1830	1.23226
1831	1.23226
1832	1.23226
1833	1.23226
1834	1.23226
1835	1.23226
1836	1.23226
1837	1.23226
1838	1.23226
1839	1.23226
1840	1.23226
1841	1.23226
1842	1.23226
1843	1.23226
1844	1.23226
1845	1.23226
1846	1.23226
1847	1.23226
1848	1.23226
1849	1.23226
1850	1.23226
1851	1.23226
1853	1.21908
1854	1.21908
1855	1.21908
1856	1.21908
1857	1.21908
1858	1.21908
1859	1.21908
1860	1.21908
1861	1.21908
1862	1.21908
1863	1.21908
1864	1.21908
1865	1.21908
1866	1.21908
1867	1.21908
1868	1.21908
1869	1.21908
1870	1.21908
1871	1.21908
1872	1.21908
1873	1.21908
1874	1.21908
1875	1.21908
1876	1.21908
1877	1.21908
1878	1.21908
1879	1.21908
1880	1.21908
1881	1.21908
1883	1.19722
1884	1.19722
1885	1.19722
1886	1.19722
1887	1.19722
1888	1.19722
1889	1.19722
1890	1.19722
1891	1.19722
1892	1.19722
1893	1.19722
1894	1.19722
1895	1.19722
1896	1.19722
1897	1.19722
1898	1.19722
1899	1.19722
1900	1.19722
1901	1.19722
1902	1.19722
1903	1.19722
1904	1.19722
1905	1.19722
1906	1.19722
1907	1.19722
1908	1.19722
1909	1.19722
1910	1.19722
1911	1.19722
1912	1.19722
1913	1.19722
1914	1.19722
1915	1.19722
1916	1.19722
1917	1.19722
1918	1.19722
1919	1.19722
1920	1.19722
1921	1.19722
1922	1.19722
1923	1.19722
1924	1.19722
1925	1.19722
1926	1.19722
1927	1.19722
1928	1.19722
1929	1.19722
1930	1.19722
1931	1.19722
1932	1.19722
1933	1.19722
1934	1.19722
1935	1.19722
1936	1.19722
1937	1.19722
1938	1.19722
1939	1.19722
1940	1.19722
1941	1.19722
1942	1.19722
1943	1.19722
1944	1.19722
1945	1.19722
1946	1.19722
1947	1.19722
1948	1.19722
1949	1.19722
1950	1.19722
1951	1.19722
1952	1.19722
1953	1.19722
1954	1.19722
1955	1.19722
1956	1.19722
1957	1.19722
1958	1.19722
1959	1.19722
1960	1.19722
1961	1.19722
1962	1.19722
1963	1.19722
1964	1.19722
1965	1.19722
1966	1.19722
1967	1.19722
1968	1.19722
1969	1.19722
1970	1.19722
1971	1.19722
1972	1.19722
1973	1.19722
1974	1.19722
1975	1.19722
1976	1.19722
1977	1.19722
1978	1.19722
1979	1.19722
1980	1.19722
1981	1.19722
1982	1.19722
1983	1.19722
1984	1.19722
1985	1.19722
1986	1.19722
1987	1.19722
1988	1.19722
1989	1.19722
1990	1.19722
1991	1.19722
1992	1.19722
1993	1.19722
1994	1.19722
1995	1.19722
1997	1.197
1998	1.197
1999	1.197
2000	1.197
2001	1.197
2002	1.197
2003	1.197
2004	1.197
2005	1.197
2006	1.197
2007	1.197
2008	1.197
2009	1.197
2010	1.197
2011	1.197
2012	1.197
2013	1.197
2014	1.197
2015	1.197
2016	1.197
2018	1.19318
2019	1.19318
2020	1.19318
2021	1.19318
2022	1.19318
2023	1.19318
2024	1.19318
2025	1.19318
2026	1.19318
2027	1.19318
2028	1.19318
2029	1.19318
2030	1.19318
2031	1.19318
2032	1.19318
2033	1.19318
2034	1.19318
2035	1.19318
2036	1.19318
2037	1.19318
2038	1.19318
2039	1.19318
2040	1.19318
2041	1.19318
2042	1.19318
2043	1.19318
2044	1.19318
2045	1.19318
2046	1.19318
2047	1.19318
2048	1.19318
2049	1.19318
2050	1.19318
2051	1.19318
2052	1.19318
2053	1.19318
2054	1.19318
2055	1.19318
2056	1.19318
2057	1.19318
2058	1.19318
2059	1.19318
2060	1.19318
2061	1.19318
2062	1.19318
2063	1.19318
2064	1.19318
2065	1.19318
2066	1.19318
2067	1.19318
2068	1.19318
2069	1.19318
2070	1.19318
2071	1.19318
2072	1.19318
2074	1.1801
2075	1.1801
2076	1.1801
2077	1.1801
2078	1.1801
2079	1.1801
2080	1.1801
2081	1.1801
2082	1.1801
2083	1.1801
2084	1.1801
2085	1.1801
2086	1.1801
2087	1.1801
2088	1.1801
2089	1.1801
2090	1.1801
2091	1.1801
2092	1.1801
2093	1.1801
2094	1.1801
2095	1.1801
2096	1.1801
2097	1.1801
2098	1.1801
2099	1.1801
2100	1.1801
2101	1.1801
2102	1.1801
2103	1.1801
2104	1.1801
2105	1.1801
2106	1.1801
2107	1.1801
2108	1.1801
2109	1.1801
2110	1.1801
2111	1.1801
2112	1.1801
2113	1.1801
2114	1.1801
2115	1.1801
2116	1.1801
2117	1.1801
2118	1.1801
2119	1.1801
2120	1.1801
2121	1.1801
2122	1.1801
2123	1.1801
2124	1.1801
2125	1.1801
2126	1.1801
2127	1.1801
2128	1.1801
2129	1.1801
2130	1.1801
2131	1.1801
2132	1.1801
2133	1.1801
2134	1.1801
2135	1.1801
2136	1.1801
2137	1.1801
2138	1.1801
2139	1.1801
2140	1.1801
2141	1.1801
2142	1.1801
2143	1.1801
2144	1.1801
2145	1.1801
2146	1.1801
2147	1.1801
2148	1.1801
2149	1.1801
2150	1.1801
2151	1.1801
2152	1.1801
2153	1.1801
2154	1.1801
2155	1.1801
2156	1.1801
2157	1.1801
2158	1.1801
2159	1.1801
2160	1.1801
2161	1.1801
2162	1.1801
2163	1.1801
2164	1.1801
2165	1.1801
2166	1.1801
2167	1.1801
2168	1.1801
2169	1.1801
2170	1.1801
2171	1.1801
2172	1.1801
2173	1.1801
2174	1.1801
2175	1.1801
2176	1.1801
2177	1.1801
2179	1.1691
2180	1.1691
2181	1.1691
2183	1.16863
2184	1.16863
2185	1.16863
2186	1.16863
2187	1.16863
2188	1.16863
2189	1.16863
2190	1.16863
2191	1.16863
2192	1.16863
2193	1.16863
2194	1.16863
2195	1.16863
2196	1.16863
2197	1.16863
2198	1.16863
2199	1.16863
2200	1.16863
2201	1.16863
2202	1.16863
2203	1.16863
2204	1.16863
2205	1.16863
2206	1.16863
2207	1.16863
2208	1.16863
2209	1.16863
2210	1.16863
2211	1.16863
2212	1.16863
2213	1.16863
2214	1.16863
2215	1.16863
2217	1.16152
2218	1.16152
2219	1.16152
2220	1.16152
2221	1.16152
2222	1.16152
2223	1.16152
2224	1.16152
2225	1.16152
2226	1.16152
2227	1.16152
2229	1.15416
2230	1.15416
2231	1.15416
2232	1.15416
2233	1.15416
2234	1.15416
2235	1.15416
2236	1.15416
2237	1.15416
2238	1.15416
2239	1.15416
2240	1.15416
2241	1.15416
2242	1.15416
2243	1.15416
2244	1.15416
2245	1.15416
2246	1.15416
2247	1.15416
2248	1.15416
2249	1.15416
2250	1.15416
2251	1.15416
2252	1.15416
2253	1.15416
2254	1.15416
2255	1.15416
2257	1.14158
2258	1.14158
2259	1.14158
2260	1.14158
2261	1.14158
2262	1.14158
2263	1.14158
2264	1.14158
2265	1.14158
2266	1.14158
2267	1.14158
2268	1.14158
2269	1.14158
2270	1.14158
2271	1.14158
2272	1.14158
2273	1.14158
2274	1.14158
2275	1.14158
2276	1.14158
2277	1.14158
2278	1.14158
2279	1.14158
2280	1.14158
2281	1.14158
2282	1.14158
2283	1.14158
2284	1.14158
2285	1.14158
2286	1.14158
2287	1.14158
2288	1.14158
2289	1.14158
2290	1.14158
2291	1.14158
2292	1.14158
2293	1.14158
2294	1.14158
2295	1.14158
2296	1.14158
2297	1.14158
2298	1.14158
2299	1.14158
2300	1.14158
2301	1.14158
2302	1.14158
2303	1.14158
2304	1.14158
2305	1.14158
2306	1.14158
2307	1.14158
2308	1.14158
2309	1.14158
2310	1.14158
2311	1.14158
2312	1.14158
2313	1.14158
2314	1.14158
2315	1.14158
2316	1.14158
2317	1.14158
2318	1.14158
2319	1.14158
2320	1.14158
2321	1.14158
2322	1.14158
2323	1.14158
2324	1.14158
2325	1.14158
2326	1.14158
2327	1.14158
2328	1.14158
2329	1.14158
2330	1.14158
2331	1.14158
2332	1.14158
2333	1.14158
2334	1.14158
2335	1.14158
2336	1.14158
2337	1.14158
2338	1.14158
2339	1.14158
2340	1.14158
2341	1.14158
2342	1.14158
2343	1.14158
2344	1.14158
2345	1.14158
2346	1.14158
2347	1.14158
2348	1.14158
2349	1.14158
2350	1.14158
2351	1.14158
2352	1.14158
2353	1.14158
2354	1.14158
2355	1.14158
2356	1.14158
2357	1.14158
2358	1.14158
2359	1.14158
2360	1.14158
2362	1.1303
2363	1.1303
2364	1.1303
2365	1.1303
2366	1.1303
2367	1.1303
2368	1.1303
2369	1.1303
2370	1.1303
2371	1.1303
2372	1.1303
2373	1.1303
2374	1.1303
2375	1.1303
2377	1.12787
2378	1.12787
2379	1.12787
2380	1.12787
2381	1.12787
2382	1.12787
2383	1.12787
2384	1.12787
2385	1.12787
2386	1.12787
2387	1.12787
2388	1.12787
2389	1.12787
2390	1.12787
2391	1.12787
2392	1.12787
2393	1.12787
2394	1.12787
2395	1.12787
2396	1.12787
2397	1.12787
2398	1.12787
2400	1.07693
2401	1.07693
2402	1.07693
2403	1.07693
2404	1.07693
2405	1.07693
2406	1.07693
2407	1.07693
2408	1.07693
2409	1.07693
2410	1.07693
2411	1.07693
2412	1.07693
2413	1.07693
2414	1.07693
2415	1.07693
2416	1.07693
2417	1.07693
2418	1.07693
2419	1.07693
2421	1.0627
2422	1.0627
2423	1.0627
2424	1.0627
2425	1.0627
2426	1.0627
2427	1.0627
2428	1.0627
2430	1.06038
2431	1.06038
2432	1.06038
2433	1.06038
2434	1.06038
2435	1.06038
2436	1.06038
2437	1.06038
2438	1.06038
2439	1.06038
2440	1.06038
2441	1.06038
2442	1.06038
2443	1.06038
2444	1.06038
2445	1.06038
2446	1.06038
2447	1.06038
2448	1.06038
2449	1.06038
2451	1.03368
2452	1.03368
2453	1.03368
2454	1.03368
2455	1.03368
2456	1.03368
2457	1.03368
2458	1.03368
2459	1.03368
2460	1.03368
2461	1.03368
2462	1.03368
2463	1.03368
2464	1.03368
2466	1.02505
2467	1.02505
2468	1.02505
2469	1.02505
2470	1.02505
2471	1.02505
2472	1.02505
2473	1.02505
2474	1.02505
2475	1.02505
2476	1.02505
2477	1.02505
2478	1.02505
2479	1.02505
2480	1.02505
2481	1.02505
2482	1.02505
2483	1.02505
2484	1.02505
2485	1.02505
2486	1.02505
2487	1.02505
2488	1.02505
2489	1.02505
2490	1.02505
2491	1.02505
2492	1.02505
2493	1.02505
2494	1.02505
2495	1.02505
2496	1.02505
2497	1.02505
2498	1.02505
2499	1.02505
2500	1.02505
2501	1.02505
2502	1.02505
2503	1.02505
2504	1.02505
2505	1.02505
2506	1.02505
2507	1.02505
2508	1.02505
2509	1.02505
2510	1.02505
2511	1.02505
2512	1.02505
2513	1.02505
2514	1.02505
2515	1.02505
2516	1.02505
2517	1.02505
2518	1.02505
2519	1.02505
2520	1.02505
2521	1.02505
2522	1.02505
2523	1.02505
2524	1.02505
2525	1.02505
2526	1.02505
2527	1.02505
2528	1.02505
2529	1.02505
2530	1.02505
2531	1.02505
2532	1.02505
2533	1.02505
2534	1.02505
2535	1.02505
2536	1.02505
2537	1.02505
2538	1.02505
2539	1.02505
2540	1.02505
2541	1.02505
2542	1.02505
2543	1.02505
2544	1.02505
2545	1.02505
2546	1.02505
2547	1.02505
2548	1.02505
2549	1.02505
2550	1.02505
2551	1.02505
2552	1.02505
2553	1.02505
2554	1.02505
2555	1.02505
2556	1.02505
2557	1.02505
2558	1.02505
2559	1.02505
2560	1.02505
2561	1.02505
2562	1.02505
2563	1.02505
2564	1.02505
2565	1.02505
2566	1.02505
2567	1.02505
2568	1.02505
2569	1.02505
2570	1.02505
2571	1.02505
2572	1.02505
2573	1.02505
2574	1.02505
2575	1.02505
2576	1.02505
2577	1.02505
2578	1.02505
2579	1.02505
2580	1.02505
2581	1.02505
2582	1.02505
2583	1.02505
2584	1.02505
2585	1.02505
2586	1.02505
2587	1.02505
2588	1.02505
2589	1.02505
2590	1.02505
2591	1.02505
2592	1.02505
2593	1.02505
2594	1.02505
2595	1.02505
2596	1.02505
2597	1.02505
2598	1.02505
2599	1.02505
2600	1.02505
2601	1.02505
2602	1.02505
2603	1.02505
2604	1.02505
2605	1.02505
2606	1.02505
2607	1.02505
2608	1.02505
2609	1.02505
2610	1.02505
2611	1.02505
2612	1.02505
2613	1.02505
2614	1.02505
2615	1.02505
2616	1.02505
2617	1.02505
2618	1.02505
2619	1.02505
2620	1.02505
2621	1.02505
2622	1.02505
2623	1.02505
2624	1.02505
2625	1.02505
2626	1.02505
2628	1.01831
2629	1.01831
2630	1.01831
2631	1.01831
2632	1.01831
2633	1.01831
2634	1.01831
2635	1.01831
2636	1.01831
2637	1.01831
2638	1.01831
2639	1.01831
2640	1.01831
2641	1.01831
2642	1.01831
2643	1.01831
2644	1.01831
2645	1.01831
2646	1.01831
2647	1.01831
2648	1.01831
2649	1.01831
2650	1.01831
2651	1.01831
2652	1.01831
2653	1.01831
2654	1.01831
2655	1.01831
2656	1.01831
2657	1.01831
2658	1.01831
2659	1.01831
2660	1.01831
2661	1.01831
2662	1.01831
2663	1.01831
2664	1.01831
2665	1.01831
2666	1.01831
2667	1.01831
2668	1.01831
2669	1.01831
2670	1.01831
2671	1.01831
2672	1.01831
2673	1.01831
2674	1.01831
2675	1.01831
2676	1.01831
2677	1.01831
2678	1.01831
2679	1.01831
2680	1.01831
2681	1.01831
2682	1.01831
2683	1.01831
2684	1.01831
2685	1.01831
2686	1.01831
2687	1.01831
2688	1.01831
2689	1.01831
2690	1.01831
2691	1.01831
2692	1.01831
2693	1.01831
2694	1.01831
2695	1.01831
2696	1.01831
2697	1.01831
2698	1.01831
2699	1.01831
2700	1.01831
2701	1.01831
2702	1.01831
2703	1.01831
2704	1.01831
2705	1.01831
2706	1.01831
2707	1.01831
2708	1.01831
2709	1.01831
2710	1.01831
2711	1.01831
2712	1.01831
2713	1.01831
2714	1.01831
2715	1.01831
2716	1.01831
2717	1.01831
2718	1.01831
2719	1.01831
2720	1.01831
2721	1.01831
2722	1.01831
2723	1.01831
2724	1.01831
2725	1.01831
2726	1.01831
2727	1.01831
2728	1.01831
2729	1.01831
2730	1.01831
2731	1.01831
2732	1.01831
2733	1.01831
2734	1.01831
2735	1.01831
2736	1.01831
2737	1.01831
2738	1.01831
2739	1.01831
2740	1.01831
2741	1.01831
2742	1.01831
2743	1.01831
2744	1.01831
2745	1.01831
2746	1.01831
2747	1.01831
2748	1.01831
2749	1.01831
2750	1.01831
2751	1.01831
2752	1.01831
2753	1.01831
2754	1.01831
2755	1.01831
2756	1.01831
2757	1.01831
2758	1.01831
2759	1.01831
2760	1.01831
2761	1.01831
2762	1.01831
2763	1.01831
2764	1.01831
2765	1.01831
2766	1.01831
2768	1.01363
2769	1.01363
2770	1.01363
2771	1.01363
2772	1.01363
2773	1.01363
2774	1.01363
2775	1.01363
2776	1.01363
2777	1.01363
2778	1.01363
2779	1.01363
2780	1.01363
2781	1.01363
2782	1.01363
2783	1.01363
2784	1.01363
2785	1.01363
2786	1.01363
2787	1.01363
2788	1.01363
2789	1.01363
2790	1.01363
2791	1.01363
2792	1.01363
2793	1.01363
2794	1.01363
2795	1.01363
2796	1.01363
2797	1.01363
2798	1.01363
2799	1.01363
2800	1.01363
2801	1.01363
2802	1.01363
2803	1.01363
2804	1.01363
2805	1.01363
2806	1.01363
2807	1.01363
2808	1.01363
2809	1.01363
2810	1.01363
2811	1.01363
2812	1.01363
2813	1.01363
2814	1.01363
2815	1.01363
2816	1.01363
2817	1.01363
2818	1.01363
2819	1.01363
2820	1.01363
2821	1.01363
2822	1.01363
2823	1.01363
2824	1.01363
2825	1.01363
2826	1.01363
2827	1.01363
2828	1.01363
2829	1.01363
2830	1.01363
2831	1.01363
2832	1.01363
2833	1.01363
2834	1.01363
2835	1.01363
2836	1.01363
2837	1.01363
2838	1.01363
2839	1.01363
2840	1.01363
2841	1.01363
2842	1.01363
2843	1.01363
2844	1.01363
2845	1.01363
2846	1.01363
2847	1.01363
2848	1.01363
2849	1.01363
2850	1.01363
2851	1.01363
2852	1.01363
2853	1.01363
2854	1.01363
2855	1.01363
2856	1.01363
2857	1.01363
2858	1.01363
2859	1.01363
2860	1.01363
2861	1.01363
2862	1.01363
2863	1.01363
2864	1.01363
2865	1.01363
2866	1.01363
2867	1.01363
2868	1.01363
2869	1.01363
2870	1.01363
2871	1.01363
2872	1.01363
2873	1.01363
2874	1.01363
2875	1.01363
2876	1.01363
2877	1.01363
2878	1.01363
2879	1.01363
2880	1.01363
2881	1.01363
2882	1.01363
2883	1.01363
2884	1.01363
2885	1.01363
2886	1.01363
2887	1.01363
2888	1.01363
2889	1.01363
2890	1.01363
2891	1.01363
2892	1.01363
2893	1.01363
2894	1.01363
2895	1.01363
2896	1.01363
2897	1.01363
2898	1.01363
2899	1.01363
2900	1.01363
2901	1.01363
2902	1.01363
2903	1.01363
2904	1.01363
2905	1.01363
2906	1.01363
2907	1.01363
2908	1.01363
2909	1.01363
2910	1.01363
2911	1.01363
2912	1.01363
2913	1.01363
2914	1.01363
2915	1.01363
2916	1.01363
2917	1.01363
2918	1.01363
2919	1.01363
2920	1.01363
2921	1.01363
2922	1.01363
2923	1.01363
2924	1.01363
2925	1.01363
2926	1.01363
2927	1.01363
2928	1.01363
2929	1.01363
2930	1.01363
2931	1.01363
2932	1.01363
2933	1.01363
2934	1.01363
2935	1.01363
2936	1.01363
2937	1.01363
2938	1.01363
2939	1.01363
2940	1.01363
2941	1.01363
2942	1.01363
2943	1.01363
2944	1.01363
2945	1.01363
2946	1.01363
2947	1.01363
2948	1.01363
2949	1.01363
2950	1.01363
2951	1.01363
2952	1.01363
2953	1.01363
2954	1.01363
2955	1.01363
2956	1.01363
2957	1.01363
2958	1.01363
2959	1.01363
2960	1.01363
2961	1.01363
2962	1.01363
2963	1.01363
2964	1.01363
2965	1.01363
2966	1.01363
2967	1.01363
2968	1.01363
2969	1.01363
2970	1.01363
2971	1.01363
2972	1.01363
2973	1.01363
2974	1.01363
2975	1.01363
2976	1.01363
2977	1.01363
2978	1.01363
2979	1.01363
2980	1.01363
2981	1.01363
2982	1.01363
2983	1.01363
2984	1.01363
2985	1.01363
2986	1.01363
2987	1.01363
2988	1.01363
2989	1.01363
2990	1.01363
2991	1.01363
2992	1.01363
2993	1.01363
2994	1.01363
2995	1.01363
2996	1.01363
2997	1.01363
2998	1.01363
2999	1.01363
3000	1.01363
3001	1.01363
3002	1.01363
3003	1.01363
3004	1.01363
3005	1.01363
3006	1.01363
3007	1.01363
3008	1.01363
3009	1.01363
3010	1.01363
3011	1.01363
3012	1.01363
3013	1.01363
3014	1.01363
3015	1.01363
3016	1.01363
3017	1.01363
3018	1.01363
3019	1.01363
3020	1.01363
3021	1.01363
3022	1.01363
3023	1.01363
3024	1.01363
3025	1.01363
3026	1.01363
3027	1.01363
3028	1.01363
3029	1.01363
3030	1.01363
3031	1.01363
3032	1.01363
3033	1.01363
3034	1.01363
3035	1.01363
3036	1.01363
3037	1.01363
3038	1.01363
3039	1.01363
3040	1.01363
3041	1.01363
3042	1.01363
3043	1.01363
3044	1.01363
3045	1.01363
3046	1.01363
3047	1.01363
3048	1.01363
3049	1.01363
3050	1.01363
3051	1.01363
3052	1.01363
3053	1.01363
3054	1.01363
3055	1.01363
3056	1.01363
3057	1.01363
3058	1.01363
3059	1.01363
3060	1.01363
3061	1.01363
3062	1.01363
3063	1.01363
3064	1.01363
3065	1.01363
3066	1.01363
3067	1.01363
3068	1.01363
3069	1.01363
3070	1.01363
3071	1.01363
3072	1.01363
3073	1.01363
3074	1.01363
3075	1.01363
3076	1.01363
3077	1.01363
3078	1.01363
3079	1.01363
3080	1.01363
3081	1.01363
3082	1.01363
3083	1.01363
3084	1.01363
3085	1.01363
3086	1.01363
3087	1.01363
3088	1.01363
3089	1.01363
3090	1.01363
3091	1.01363
3092	1.01363
3093	1.01363
3094	1.01363
3095	1.01363
3096	1.01363
3097	1.01363
3098	1.01363
3099	1.01363
3100	1.01363
3101	1.01363
3102	1.01363
3103	1.01363
3104	1.01363
3105	1.01363
3106	1.01363
3107	1.01363
3108	1.01363
3109	1.01363
3110	1.01363
3111	1.01363
3112	1.01363
3113	1.01363
3114	1.01363
3115	1.01363
3116	1.01363
3117	1.01363
3118	1.01363
3119	1.01363
3120	1.01363
3121	1.01363
3122	1.01363
3123	1.01363
3124	1.01363
3125	1.01363
3126	1.01363
3127	1.01363
3128	1.01363
3129	1.01363
3130	1.01363
3131	1.01363
3132	1.01363
3133	1.01363
3134	1.01363
3135	1.01363
3136	1.01363
3137	1.01363
3138	1.01363
3139	1.01363
3140	1.01363
3141	1.01363
3142	1.01363
3143	1.01363
3144	1.01363
3145	1.01363
3146	1.01363
3147	1.01363
3148	1.01363
3149	1.01363
3150	1.01363
3151	1.01363
3152	1.01363
3153	1.01363
3154	1.01363
3155	1.01363
3156	1.01363
3157	1.01363
3158	1.01363
3159	1.01363
3160	1.01363
3161	1.01363
3162	1.01363
3163	1.01363
3164	1.01363
3165	1.01363
3166	1.01363
3167	1.01363
3168	1.01363
3169	1.01363
3170	1.01363
3171	1.01363
3172	1.01363
3173	1.01363
3174	1.01363
3175	1.01363
3176	1.01363
3177	1.01363
3178	1.01363
3179	1.01363
3180	1.01363
3181	1.01363
3182	1.01363
3183	1.01363
3184	1.01363
3185	1.01363
3186	1.01363
3187	1.01363
3188	1.01363
3189	1.01363
3190	1.01363
3191	1.01363
3192	1.01363
3193	1.01363
3194	1.01363
3195	1.01363
3196	1.01363
3197	1.01363
3198	1.01363
3199	1.01363
3200	1.01363
3201	1.01363
3203	1.01201
3204	1.01201
3205	1.01201
3206	1.01201
3207	1.01201
3208	1.01201
3209	1.01201
3210	1.01201
3211	1.01201
3212	1.01201
3213	1.01201
3214	1.01201
3215	1.01201
3216	1.01201
3217	1.01201
3218	1.01201
3219	1.01201
3220	1.01201
3221	1.01201
3222	1.01201
3223	1.01201
3224	1.01201
3225	1.01201
3226	1.01201
3227	1.01201
3228	1.01201
3229	1.01201
3230	1.01201
3231	1.01201
3232	1.01201
3233	1.01201
3234	1.01201
3235	1.01201
3236	1.01201
3237	1.01201
3238	1.01201
3239	1.01201
3240	1.01201
3241	1.01201
3242	1.01201
3243	1.01201
3244	1.01201
3245	1.01201
3246	1.01201
3247	1.01201
3248	1.01201
3249	1.01201
3250	1.01201
3251	1.01201
3252	1.01201
3253	1.01201
3254	1.01201
3255	1.01201
3256	1.01201
3257	1.01201
3258	1.01201
3259	1.01201
3260	1.01201
3261	1.01201
3262	1.01201
3263	1.01201
3264	1.01201
3265	1.01201
3266	1.01201
3267	1.01201
3268	1.01201
3269	1.01201
3270	1.01201
3271	1.01201
3272	1.01201
3273	1.01201
3274	1.01201
3275	1.01201
3276	1.01201
3277	1.01201
3278	1.01201
3279	1.01201
3280	1.01201
3281	1.01201
3282	1.01201
3283	1.01201
3284	1.01201
3285	1.01201
3286	1.01201
3287	1.01201
3288	1.01201
3289	1.01201
3290	1.01201
3291	1.01201
3292	1.01201
3293	1.01201
3294	1.01201
3295	1.01201
3296	1.01201
3297	1.01201
3298	1.01201
3299	1.01201
3300	1.01201
3301	1.01201
3302	1.01201
3303	1.01201
3304	1.01201
3305	1.01201
3306	1.01201
3307	1.01201
3308	1.01201
3309	1.01201
3310	1.01201
3311	1.01201
3312	1.01201
3313	1.01201
3314	1.01201
3315	1.01201
3316	1.01201
3317	1.01201
3318	1.01201
3319	1.01201
3320	1.01201
3321	1.01201
3322	1.01201
3323	1.01201
3324	1.01201
3325	1.01201
3326	1.01201
3327	1.01201
3328	1.01201
3329	1.01201
3330	1.01201
3331	1.01201
3332	1.01201
3333	1.01201
3334	1.01201
3335	1.01201
3336	1.01201
3337	1.01201
3338	1.01201
3339	1.01201
3340	1.01201
3341	1.01201
3342	1.01201
3343	1.01201
3344	1.01201
3345	1.01201
3346	1.01201
3347	1.01201
3348	1.01201
3349	1.01201
3350	1.01201
3351	1.01201
3352	1.01201
3353	1.01201
3355	1.01118
3356	1.01118
3357	1.01118
3358	1.01118
3359	1.01118
3360	1.01118
3361	1.01118
3362	1.01118
3363	1.01118
3364	1.01118
3365	1.01118
3366	1.01118
3367	1.01118
3368	1.01118
3369	1.01118
3370	1.01118
3371	1.01118
3372	1.01118
3373	1.01118
3374	1.01118
3375	1.01118
3376	1.01118
3377	1.01118
3378	1.01118
3379	1.01118
3380	1.01118
3381	1.01118
3382	1.01118
3383	1.01118
3384	1.01118
3385	1.01118
3386	1.01118
3387	1.01118
3388	1.01118
3389	1.01118
3390	1.01118
3391	1.01118
3392	1.01118
3393	1.01118
3394	1.01118
3396	0.991267
3397	0.991267
3398	0.991267
3399	0.991267
3400	0.991267
3401	0.991267
3402	0.991267
3403	0.991267
3404	0.991267
3405	0.991267
3406	0.991267
3407	0.991267
3408	0.991267
3409	0.991267
3410	0.991267
3411	0.991267
3412	0.991267
3413	0.991267
3414	0.991267
3415	0.991267
3416	0.991267
3417	0.991267
3418	0.991267
3419	0.991267
3420	0.991267
3421	0.991267
3422	0.991267
3423	0.991267
3424	0.991267
3425	0.991267
3426	0.991267
3427	0.991267
3428	0.991267
3429	0.991267
3430	0.991267
3431	0.991267
3432	0.991267
3433	0.991267
3434	0.991267
3435	0.991267
3436	0.991267
3437	0.991267
3438	0.991267
3439	0.991267
3440	0.991267
3441	0.991267
3442	0.991267
3443	0.991267
3444	0.991267
3445	0.991267
3446	0.991267
3447	0.991267
3448	0.991267
3449	0.991267
3450	0.991267
3451	0.991267
3452	0.991267
3453	0.991267
3454	0.991267
3455	0.991267
3456	0.991267
3457	0.991267
3458	0.991267
3459	0.991267
3460	0.991267
3461	0.991267
3462	0.991267
3463	0.991267
3464	0.991267
3465	0.991267
3466	0.991267
3467	0.991267
3468	0.991267
3469	0.991267
3470	0.991267
3471	0.991267
3472	0.991267
3473	0.991267
3474	0.991267
3475	0.991267
3476	0.991267
3477	0.991267
3478	0.991267
3479	0.991267
3480	0.991267
3481	0.991267
3482	0.991267
3483	0.991267
3484	0.991267
3485	0.991267
3486	0.991267
3487	0.991267
3488	0.991267
3489	0.991267
3490	0.991267
3491	0.991267
3492	0.991267
3493	0.991267
3494	0.991267
3495	0.991267
3496	0.991267
3497	0.991267
3498	0.991267
3499	0.991267
3500	0.991267
3501	0.991267
3502	0.991267
3503	0.991267
3504	0.991267
3505	0.991267
3506	0.991267
3507	0.991267
3508	0.991267
3509	0.991267
3510	0.991267
3511	0.991267
3512	0.991267
3513	0.991267
3514	0.991267
3515	0.991267
3516	0.991267
3517	0.991267
3518	0.991267
3519	0.991267
3520	0.991267
3521	0.991267
3522	0.991267
3523	0.991267
3524	0.991267
3525	0.991267
3526	0.991267
3527	0.991267
3528	0.991267
3529	0.991267
3530	0.991267
3531	0.991267
3532	0.991267
3533	0.991267
3534	0.991267
3535	0.991267
3536	0.991267
3537	0.991267
3538	0.991267
3539	0.991267
3540	0.991267
3541	0.991267
3542	0.991267
3543	0.991267
3544	0.991267
3545	0.991267
3546	0.991267
3547	0.991267
3548	0.991267
3549	0.991267
3550	0.991267
3551	0.991267
3552	0.991267
3553	0.991267
3554	0.991267
3555	0.991267
3556	0.991267
3557	0.991267
3558	0.991267
3559	0.991267
3560	0.991267
3561	0.991267
3562	0.991267
3563	0.991267
3564	0.991267
3565	0.991267
3566	0.991267
3567	0.991267
3568	0.991267
3569	0.991267
3570	0.991267
3571	0.991267
3572	0.991267
3573	0.991267
3574	0.991267
3575	0.991267
3576	0.991267
3577	0.991267
3578	0.991267
3579	0.991267
3580	0.991267
3581	0.991267
3582	0.991267
3583	0.991267
3585	0.991066
3586	0.991066
3587	0.991066
3588	0.991066
3589	0.991066
3590	0.991066
3591	0.991066
3592	0.991066
3593	0.991066
3594	0.991066
3595	0.991066
3596	0.991066
3597	0.991066
3598	0.991066
3599	0.991066
3600	0.991066
3601	0.991066
3602	0.991066
3603	0.991066
3604	0.991066
3605	0.991066
3606	0.991066
3607	0.991066
3608	0.991066
3609	0.991066
3610	0.991066
3611	0.991066
3612	0.991066
3613	0.991066
3614	0.991066
3615	0.991066
3616	0.991066
3617	0.991066
3618	0.991066
3619	0.991066
3620	0.991066
3621	0.991066
3622	0.991066
3623	0.991066
3624	0.991066
3625	0.991066
3626	0.991066
3627	0.991066
3628	0.991066
3629	0.991066
3630	0.991066
3631	0.991066
3632	0.991066
3633	0.991066
3634	0.991066
3635	0.991066
3636	0.991066
3637	0.991066
3638	0.991066
3639	0.991066
3640	0.991066
3641	0.991066
3642	0.991066
3643	0.991066
3644	0.991066
3645	0.991066
3646	0.991066
3647	0.991066
3648	0.991066
3649	0.991066
3650	0.991066
3651	0.991066
3652	0.991066
3653	0.991066
3654	0.991066
3655	0.991066
3656	0.991066
3657	0.991066
3658	0.991066
3659	0.991066
3660	0.991066
3661	0.991066
3662	0.991066
3663	0.991066
3664	0.991066
3665	0.991066
3666	0.991066
3667	0.991066
3668	0.991066
3669	0.991066
3670	0.991066
3671	0.991066
3672	0.991066
3673	0.991066
3674	0.991066
3675	0.991066
3676	0.991066
3677	0.991066
3678	0.991066
3679	0.991066
3680	0.991066
3681	0.991066
3682	0.991066
3683	0.991066
3684	0.991066
3685	0.991066
3686	0.991066
3687	0.991066
3688	0.991066
3689	0.991066
3690	0.991066
3691	0.991066
3692	0.991066
3693	0.991066
3694	0.991066
3695	0.991066
3696	0.991066
3697	0.991066
3698	0.991066
3699	0.991066
3700	0.991066
3701	0.991066
3702	0.991066
3703	0.991066
3704	0.991066
3705	0.991066
3706	0.991066
3707	0.991066
3708	0.991066
3709	0.991066
3710	0.991066
3711	0.991066
3712	0.991066
3713	0.991066
3714	0.991066
3715	0.991066
3716	0.991066
3717	0.991066
3718	0.991066
3719	0.991066
3720	0.991066
3721	0.991066
3722	0.991066
3723	0.991066
3724	0.991066
3725	0.991066
3726	0.991066
3727	0.991066
3728	0.991066
3729	0.991066
3730	0.991066
3731	0.991066
3732	0.991066
3733	0.991066
3734	0.991066
3735	0.991066
3736	0.991066
3737	0.991066
3738	0.991066
3739	0.991066
3740	0.991066
3741	0.991066
3742	0.991066
3743	0.991066
3744	0.991066
3745	0.991066
3746	0.991066
3747	0.991066
3748	0.991066
3749	0.991066
3750	0.991066
3751	0.991066
3752	0.991066
3753	0.991066
3754	0.991066
3755	0.991066
3756	0.991066
3757	0.991066
3758	0.991066
3759	0.991066
3760	0.991066
3761	0.991066
3762	0.991066
3763	0.991066
3764	0.991066
3765	0.991066
3766	0.991066
3767	0.991066
3768	0.991066
3769	0.991066
3770	0.991066
3771	0.991066
3772	0.991066
3773	0.991066
3774	0.991066
3775	0.991066
3776	0.991066
3777	0.991066
3778	0.991066
3779	0.991066
3780	0.991066
3781	0.991066
3782	0.991066
3783	0.991066
3784	0.991066
3785	0.991066
3786	0.991066
3787	0.991066
3788	0.991066
3789	0.991066
3790	0.991066
3791	0.991066
3792	0.991066
3793	0.991066
3794	0.991066
3795	0.991066
3796	0.991066
3797	0.991066
3798	0.991066
3799	0.991066
3800	0.991066
3801	0.991066
3802	0.991066
3803	0.991066
3804	0.991066
3805	0.991066
3806	0.991066
3807	0.991066
3808	0.991066
3809	0.991066
3810	0.991066
3811	0.991066
3812	0.991066
3813	0.991066
3814	0.991066
3815	0.991066
3816	0.991066
3817	0.991066
3818	0.991066
3819	0.991066
3820	0.991066
3821	0.991066
3822	0.991066
3823	0.991066
3824	0.991066
3825	0.991066
3826	0.991066
3827	0.991066
3828	0.991066
3829	0.991066
3830	0.991066
3831	0.991066
3832	0.991066
3833	0.991066
3834	0.991066
3835	0.991066
3836	0.991066
3837	0.991066
3838	0.991066
3839	0.991066
3840	0.991066
3841	0.991066
3842	0.991066
3843	0.991066
3844	0.991066
3845	0.991066
3846	0.991066
3847	0.991066
3848	0.991066
3849	0.991066
3850	0.991066
3851	0.991066
3852	0.991066
3853	0.991066
3854	0.991066
3855	0.991066
3856	0.991066
3857	0.991066
3858	0.991066
3859	0.991066
3860	0.991066
3861	0.991066
3862	0.991066
3863	0.991066
3864	0.991066
3865	0.991066
3866	0.991066
3867	0.991066
3868	0.991066
3869	0.991066
3870	0.991066
3871	0.991066
3872	0.991066
3873	0.991066
3874	0.991066
3875	0.991066
3876	0.991066
3877	0.991066
3878	0.991066
3879	0.991066
3880	0.991066
3881	0.991066
3882	0.991066
3883	0.991066
3884	0.991066
3885	0.991066
3886	0.991066
3887	0.991066
3888	0.991066
3889	0.991066
3890	0.991066
3891	0.991066
3892	0.991066
3893	0.991066
3894	0.991066
3895	0.991066
3896	0.991066
3897	0.991066
3898	0.991066
3899	0.991066
3900	0.991066
3901	0.991066
3902	0.991066
3903	0.991066
3904	0.991066
3905	0.991066
3906	0.991066
3907	0.991066
3908	0.991066
3909	0.991066
3910	0.991066
3911	0.991066
3912	0.991066
3913	0.991066
3914	0.991066
3915	0.991066
3916	0.991066
3917	0.991066
3918	0.991066
3919	0.991066
3920	0.991066
3921	0.991066
3922	0.991066
3923	0.991066
3924	0.991066
3925	0.991066
3926	0.991066
3927	0.991066
3928	0.991066
3929	0.991066
3930	0.991066
3931	0.991066
3932	0.991066
3933	0.991066
3934	0.991066
3935	0.991066
3936	0.991066
3937	0.991066
3938	0.991066
3939	0.991066
3940	0.991066
3941	0.991066
3942	0.991066
3943	0.991066
3944	0.991066
3945	0.991066
3946	0.991066
3947	0.991066
3948	0.991066
3949	0.991066
3950	0.991066
3951	0.991066
3952	0.991066
3953	0.991066
3954	0.991066
3955	0.991066
3956	0.991066
3957	0.991066
3958	0.991066
3959	0.991066
3960	0.991066
3961	0.991066
3962	0.991066
3963	0.991066
3964	0.991066
3965	0.991066
3966	0.991066
3967	0.991066
3968	0.991066
3969	0.991066
3970	0.991066
3971	0.991066
3972	0.991066
3973	0.991066
3974	0.991066
3975	0.991066
3976	0.991066
3977	0.991066
3978	0.991066
3979	0.991066
3980	0.991066
3981	0.991066
3982	0.991066
3983	0.991066
3984	0.991066
3985	0.991066
3986	0.991066
3987	0.991066
3988	0.991066
3989	0.991066
3990	0.991066
3991	0.991066
3992	0.991066
3993	0.991066
3994	0.991066
3995	0.991066
3996	0.991066
3997	0.991066
3998	0.991066
3999	0.991066
4000	0.991066
4001	0.991066
4002	0.991066
4003	0.991066
4004	0.991066
4005	0.991066
4006	0.991066
4007	0.991066
4008	0.991066
4009	0.991066
4010	0.991066
4011	0.991066
4012	0.991066
4013	0.991066
4014	0.991066
4015	0.991066
4016	0.991066
4017	0.991066
4018	0.991066
4019	0.991066
4020	0.991066
4021	0.991066
4022	0.991066
4023	0.991066
4024	0.991066
4025	0.991066
4026	0.991066
4027	0.991066
4028	0.991066
4029	0.991066
4030	0.991066
4031	0.991066
4032	0.991066
4033	0.991066
4034	0.991066
4035	0.991066
4036	0.991066
4037	0.991066
4038	0.991066
4039	0.991066
4040	0.991066
4041	0.991066
4042	0.991066
4043	0.991066
4044	0.991066
4045	0.991066
4046	0.991066
4047	0.991066
4048	0.991066
4049	0.991066
4050	0.991066
4051	0.991066
4052	0.991066
4053	0.991066
4054	0.991066
4055	0.991066
4056	0.991066
4057	0.991066
4058	0.991066
4059	0.991066
4060	0.991066
4061	0.991066
4062	0.991066
4063	0.991066
4064	0.991066
4065	0.991066
4066	0.991066
4067	0.991066
4068	0.991066
4069	0.991066
4070	0.991066
4071	0.991066
4072	0.991066
4073	0.991066
4074	0.991066
4075	0.991066
4076	0.991066
4077	0.991066
4078	0.991066
4079	0.991066
4080	0.991066
4081	0.991066
4082	0.991066
4083	0.991066
4084	0.991066
4085	0.991066
4086	0.991066
4087	0.991066
4088	0.991066
4089	0.991066
4090	0.991066
4091	0.991066
4092	0.991066
4093	0.991066
4094	0.991066
4095	0.991066
4096	0.991066
4097	0.991066
4098	0.991066
4099	0.991066
4100	0.991066
4101	0.991066
4102	0.991066
4103	0.991066
4104	0.991066
4105	0.991066
4106	0.991066
4107	0.991066
4108	0.991066
4109	0.991066
4110	0.991066
4111	0.991066
4112	0.991066
4113	0.991066
4114	0.991066
4115	0.991066
4116	0.991066
4117	0.991066
4118	0.991066
4119	0.991066
4120	0.991066
4121	0.991066
4122	0.991066
4123	0.991066
4124	0.991066
4125	0.991066
4126	0.991066
4127	0.991066
4128	0.991066
4129	0.991066
4130	0.991066
4131	0.991066
4132	0.991066
4133	0.991066
4134	0.991066
4135	0.991066
4136	0.991066
4137	0.991066
4138	0.991066
4139	0.991066
4140	0.991066
4141	0.991066
4142	0.991066
4143	0.991066
4144	0.991066
4145	0.991066
4147	0.990485
4148	0.990485
4149	0.990485
4150	0.990485
4151	0.990485
4152	0.990485
4153	0.990485
4154	0.990485
4155	0.990485
4156	0.990485
4157	0.990485
4158	0.990485
4159	0.990485
4160	0.990485
4161	0.990485
4162	0.990485
4163	0.990485
4164	0.990485
4165	0.990485
4166	0.990485
4167	0.990485
4168	0.990485
4169	0.990485
4170	0.990485
4171	0.990485
4172	0.990485
4173	0.990485
4174	0.990485
4175	0.990485
4176	0.990485
4177	0.990485
4178	0.990485
4179	0.990485
4180	0.990485
4181	0.990485
4182	0.990485
4183	0.990485
4184	0.990485
4185	0.990485
4186	0.990485
4187	0.990485
4188	0.990485
4189	0.990485
4190	0.990485
4191	0.990485
4192	0.990485
4193	0.990485
4194	0.990485
4195	0.990485
4196	0.990485
4197	0.990485
4198	0.990485
4199	0.990485
4200	0.990485
4201	0.990485
4202	0.990485
4203	0.990485
4204	0.990485
4205	0.990485
4206	0.990485
4207	0.990485
4208	0.990485
4209	0.990485
4210	0.990485
4211	0.990485
4212	0.990485
4213	0.990485
4214	0.990485
4215	0.990485
4216	0.990485
4217	0.990485
4218	0.990485
4219	0.990485
4220	0.990485
4221	0.990485
4222	0.990485
4223	0.990485
4224	0.990485
4225	0.990485
4226	0.990485
4227	0.990485
4228	0.990485
4229	0.990485
4230	0.990485
4231	0.990485
4232	0.990485
4233	0.990485
4234	0.990485
4235	0.990485
4236	0.990485
4237	0.990485
4238	0.990485
4239	0.990485
4240	0.990485
4241	0.990485
4242	0.990485
4243	0.990485
4244	0.990485
4245	0.990485
4246	0.990485
4247	0.990485
4248	0.990485
4249	0.990485
4250	0.990485
4251	0.990485
4252	0.990485
4253	0.990485
4254	0.990485
4255	0.990485
4256	0.990485
4257	0.990485
4258	0.990485
4259	0.990485
4260	0.990485
4261	0.990485
4262	0.990485
4263	0.990485
4264	0.990485
4265	0.990485
4266	0.990485
4267	0.990485
4268	0.990485
4269	0.990485
4270	0.990485
4271	0.990485
4272	0.990485
4273	0.990485
4274	0.990485
4275	0.990485
4276	0.990485
4277	0.990485
4278	0.990485
4279	0.990485
4280	0.990485
4281	0.990485
4282	0.990485
4283	0.990485
4284	0.990485
4285	0.990485
4286	0.990485
4287	0.990485
4288	0.990485
4289	0.990485
4290	0.990485
4291	0.990485
4292	0.990485
4293	0.990485
4294	0.990485
4295	0.990485
4296	0.990485
4297	0.990485
4298	0.990485
4299	0.990485
4300	0.990485
4301	0.990485
4302	0.990485
4303	0.990485
4304	0.990485
4305	0.990485
4306	0.990485
4307	0.990485
4308	0.990485
4309	0.990485
4310	0.990485
4311	0.990485
4312	0.990485
4313	0.990485
4314	0.990485
4315	0.990485
4316	0.990485
4317	0.990485
4318	0.990485
4319	0.990485
4320	0.990485
4321	0.990485
4322	0.990485
4323	0.990485
4324	0.990485
4325	0.990485
4326	0.990485
4327	0.990485
4328	0.990485
4329	0.990485
4330	0.990485
4331	0.990485
4332	0.990485
4333	0.990485
4334	0.990485
4335	0.990485
4336	0.990485
4337	0.990485
4338	0.990485
4339	0.990485
4340	0.990485
4341	0.990485
4342	0.990485
4343	0.990485
4344	0.990485
4345	0.990485
4346	0.990485
4347	0.990485
4348	0.990485
4349	0.990485
4350	0.990485
4351	0.990485
4352	0.990485
4353	0.990485
4354	0.990485
4355	0.990485
4356	0.990485
4357	0.990485
4358	0.990485
4359	0.990485
4360	0.990485
4361	0.990485
4362	0.990485
4363	0.990485
4364	0.990485
4365	0.990485
4366	0.990485
4367	0.990485
4368	0.990485
4369	0.990485
4370	0.990485
4371	0.990485
4372	0.990485
4373	0.990485
4374	0.990485
4375	0.990485
4376	0.990485
4377	0.990485
4378	0.990485
4379	0.990485
4380	0.990485
4381	0.990485
4382	0.990485
4383	0.990485
4384	0.990485
4385	0.990485
4386	0.990485
4387	0.990485
4388	0.990485
4389	0.990485
4390	0.990485
4391	0.990485
4392	0.990485
4393	0.990485
4394	0.990485
4395	0.990485
4396	0.990485
4397	0.990485
4398	0.990485
4399	0.990485
4400	0.990485
4401	0.990485
4402	0.990485
4403	0.990485
4404	0.990485
4405	0.990485
4406	0.990485
4407	0.990485
4408	0.990485
4409	0.990485
4410	0.990485
4411	0.990485
4412	0.990485
4413	0.990485
4414	0.990485
4415	0.990485
4416	0.990485
4417	0.990485
4418	0.990485
4419	0.990485
4420	0.990485
4421	0.990485
4422	0.990485
4423	0.990485
4424	0.990485
4425	0.990485
4426	0.990485
4427	0.990485
4428	0.990485
4429	0.990485
4430	0.990485
4431	0.990485
4432	0.990485
4433	0.990485
4434	0.990485
4435	0.990485
4436	0.990485
4437	0.990485
4438	0.990485
4439	0.990485
4440	0.990485
4441	0.990485
4442	0.990485
4443	0.990485
4444	0.990485
4445	0.990485
4446	0.990485
4447	0.990485
4448	0.990485
4449	0.990485
4450	0.990485
4451	0.990485
4452	0.990485
4453	0.990485
4454	0.990485
4455	0.990485
4456	0.990485
4457	0.990485
4458	0.990485
4459	0.990485
4460	0.990485
4461	0.990485
4462	0.990485
4463	0.990485
4464	0.990485
4465	0.990485
4466	0.990485
4467	0.990485
4468	0.990485
4469	0.990485
4470	0.990485
4471	0.990485
4472	0.990485
4473	0.990485
4474	0.990485
4475	0.990485
4476	0.990485
4477	0.990485
4478	0.990485
4479	0.990485
4480	0.990485
4481	0.990485
4482	0.990485
4483	0.990485
4484	0.990485
4485	0.990485
4486	0.990485
4487	0.990485
4488	0.990485
4489	0.990485
4490	0.990485
4491	0.990485
4492	0.990485
4493	0.990485
4494	0.990485
4495	0.990485
4496	0.990485
4497	0.990485
4498	0.990485
4499	0.990485
4500	0.990485
4501	0.990485
4502	0.990485
4503	0.990485
4504	0.990485
4505	0.990485
4506	0.990485
4507	0.990485
4508	0.990485
4509	0.990485
4510	0.990485
4511	0.990485
4512	0.990485
4513	0.990485
4514	0.990485
4515	0.990485
4516	0.990485
4517	0.990485
4518	0.990485
4519	0.990485
4520	0.990485
4521	0.990485
4522	0.990485
4523	0.990485
4525	0.983595
4526	0.983595
4527	0.983595
4528	0.983595
4529	0.983595
4530	0.983595
4531	0.983595
4532	0.983595
4533	0.983595
4534	0.983595
4535	0.983595
4536	0.983595
4537	0.983595
4538	0.983595
4539	0.983595
4540	0.983595
4541	0.983595
4542	0.983595
4543	0.983595
4544	0.983595
4545	0.983595
4546	0.983595
4547	0.983595
4548	0.983595
4549	0.983595
4550	0.983595
4551	0.983595
4552	0.983595
4553	0.983595
4554	0.983595
4555	0.983595
4556	0.983595
4557	0.983595
4558	0.983595
4559	0.983595
4560	0.983595
4561	0.983595
4562	0.983595
4563	0.983595
4564	0.983595
4565	0.983595
4566	0.983595
4567	0.983595
4568	0.983595
4569	0.983595
4570	0.983595
4571	0.983595
4572	0.983595
4573	0.983595
4574	0.983595
4575	0.983595
4576	0.983595
4577	0.983595
4578	0.983595
4579	0.983595
4580	0.983595
4581	0.983595
4582	0.983595
4583	0.983595
4584	0.983595
4585	0.983595
4586	0.983595
4587	0.983595
4588	0.983595
4589	0.983595
4590	0.983595
4591	0.983595
4592	0.983595
4593	0.983595
4594	0.983595
4595	0.983595
4596	0.983595
4597	0.983595
4598	0.983595
4599	0.983595
4600	0.983595
4601	0.983595
4602	0.983595
4603	0.983595
4604	0.983595
4605	0.983595
4606	0.983595
4607	0.983595
4608	0.983595
4609	0.983595
4610	0.983595
4611	0.983595
4612	0.983595
4613	0.983595
4614	0.983595
4615	0.983595
4616	0.983595
4617	0.983595
4618	0.983595
4619	0.983595
4620	0.983595
4621	0.983595
4622	0.983595
4623	0.983595
4624	0.983595
4625	0.983595
4626	0.983595
4627	0.983595
4628	0.983595
4629	0.983595
4630	0.983595
4631	0.983595
4632	0.983595
4633	0.983595
4634	0.983595
4635	0.983595
4636	0.983595
4637	0.983595
4638	0.983595
4639	0.983595
4640	0.983595
4641	0.983595
4642	0.983595
4643	0.983595
4644	0.983595
4645	0.983595
4646	0.983595
4647	0.983595
4648	0.983595
4649	0.983595
4650	0.983595
4651	0.983595
4652	0.983595
4653	0.983595
4654	0.983595
4655	0.983595
4656	0.983595
4657	0.983595
4658	0.983595
4659	0.983595
4660	0.983595
4661	0.983595
4662	0.983595
4663	0.983595
4664	0.983595
4665	0.983595
4666	0.983595
4667	0.983595
4668	0.983595
4669	0.983595
4670	0.983595
4671	0.983595
4672	0.983595
4673	0.983595
4674	0.983595
4675	0.983595
4676	0.983595
4677	0.983595
4678	0.983595
4679	0.983595
4680	0.983595
4681	0.983595
4682	0.983595
4683	0.983595
4684	0.983595
4685	0.983595
4686	0.983595
4687	0.983595
4688	0.983595
4689	0.983595
4690	0.983595
4691	0.983595
4692	0.983595
4693	0.983595
4694	0.983595
4695	0.983595
4696	0.983595
4697	0.983595
4698	0.983595
4699	0.983595
4700	0.983595
4701	0.983595
4702	0.983595
4703	0.983595
4704	0.983595
4705	0.983595
4706	0.983595
4707	0.983595
4708	0.983595
4709	0.983595
4710	0.983595
4711	0.983595
4712	0.983595
4713	0.983595
4714	0.983595
4715	0.983595
4716	0.983595
4717	0.983595
4718	0.983595
4719	0.983595
4720	0.983595
4721	0.983595
4722	0.983595
4723	0.983595
4724	0.983595
4725	0.983595
4726	0.983595
4727	0.983595
4728	0.983595
4729	0.983595
4730	0.983595
4731	0.983595
4732	0.983595
4733	0.983595
4734	0.983595
4735	0.983595
4736	0.983595
4737	0.983595
4739	0.964562
4740	0.964562
4741	0.964562
4742	0.964562
4743	0.964562
4744	0.964562
4745	0.964562
4746	0.964562
4747	0.964562
4748	0.964562
4749	0.964562
4750	0.964562
4751	0.964562
4752	0.964562
4753	0.964562
4754	0.964562
4755	0.964562
4756	0.964562
4757	0.964562
4758	0.964562
4759	0.964562
4760	0.964562
4761	0.964562
4762	0.964562
4763	0.964562
4764	0.964562
4765	0.964562
4766	0.964562
4767	0.964562
4768	0.964562
4769	0.964562
4770	0.964562
4771	0.964562
4772	0.964562
4773	0.964562
4774	0.964562
4775	0.964562
4776	0.964562
4777	0.964562
4778	0.964562
4779	0.964562
4780	0.964562
4781	0.964562
4782	0.964562
4783	0.964562
4784	0.964562
4785	0.964562
4786	0.964562
4787	0.964562
4788	0.964562
4789	0.964562
4790	0.964562
4791	0.964562
4792	0.964562
4793	0.964562
4794	0.964562
4795	0.964562
4796	0.964562
4797	0.964562
4798	0.964562
4799	0.964562
4800	0.964562
4801	0.964562
4802	0.964562
4803	0.964562
4804	0.964562
4805	0.964562
4806	0.964562
4807	0.964562
4808	0.964562
4809	0.964562
4810	0.964562
4811	0.964562
4812	0.964562
4813	0.964562
4814	0.964562
4815	0.964562
4816	0.964562
4817	0.964562
4818	0.964562
4819	0.964562
4820	0.964562
4821	0.964562
4822	0.964562
4823	0.964562
4824	0.964562
4825	0.964562
4826	0.964562
4827	0.964562
4828	0.964562
4829	0.964562
4830	0.964562
4831	0.964562
4832	0.964562
4833	0.964562
4834	0.964562
4835	0.964562
4836	0.964562
4837	0.964562
4838	0.964562
4839	0.964562
4840	0.964562
4841	0.964562
4842	0.964562
4843	0.964562
4844	0.964562
4845	0.964562
4846	0.964562
4847	0.964562
4848	0.964562
4849	0.964562
4850	0.964562
4851	0.964562
4852	0.964562
4853	0.964562
4854	0.964562
4855	0.964562
4856	0.964562
4857	0.964562
4858	0.964562
4859	0.964562
4860	0.964562
4861	0.964562
4862	0.964562
4863	0.964562
4864	0.964562
4865	0.964562
4866	0.964562
4867	0.964562
4868	0.964562
4869	0.964562
4870	0.964562
4871	0.964562
4872	0.964562
4873	0.964562
4874	0.964562
4875	0.964562
4876	0.964562
4877	0.964562
4878	0.964562
4879	0.964562
4880	0.964562
4881	0.964562
4882	0.964562
4883	0.964562
4884	0.964562
4885	0.964562
4886	0.964562
4887	0.964562
4888	0.964562
4889	0.964562
4890	0.964562
4891	0.964562
4892	0.964562
4893	0.964562
4894	0.964562
4895	0.964562
4896	0.964562
4897	0.964562
4898	0.964562
4899	0.964562
4900	0.964562
4901	0.964562
4902	0.964562
4903	0.964562
4904	0.964562
4905	0.964562
4906	0.964562
4907	0.964562
4908	0.964562
4909	0.964562
4910	0.964562
4911	0.964562
4912	0.964562
4913	0.964562
4914	0.964562
4915	0.964562
4916	0.964562
4917	0.964562
4918	0.964562
4919	0.964562
4920	0.964562
4921	0.964562
4922	0.964562
4923	0.964562
4924	0.964562
4925	0.964562
4926	0.964562
4927	0.964562
4928	0.964562
4929	0.964562
4930	0.964562
4931	0.964562
4932	0.964562
4933	0.964562
4934	0.964562
4935	0.964562
4936	0.964562
4937	0.964562
4938	0.964562
4939	0.964562
4940	0.964562
4941	0.964562
4942	0.964562
4943	0.964562
4944	0.964562
4945	0.964562
4946	0.964562
4947	0.964562
4948	0.964562
4949	0.964562
4950	0.964562
4951	0.964562
4952	0.964562
4953	0.964562
4954	0.964562
4955	0.964562
4956	0.964562
4957	0.964562
4958	0.964562
4959	0.964562
4960	0.964562
4961	0.964562
4962	0.964562
4963	0.964562
4964	0.964562
4965	0.964562
4966	0.964562
4967	0.964562
4968	0.964562
4969	0.964562
4970	0.964562
4971	0.964562
4972	0.964562
4973	0.964562
4974	0.964562
4975	0.964562
4976	0.964562
4977	0.964562
4978	0.964562
4979	0.964562
4980	0.964562
4981	0.964562
4982	0.964562
4983	0.964562
4984	0.964562
4985	0.964562
4986	0.964562
4987	0.964562
4988	0.964562
4989	0.964562
4990	0.964562
4991	0.964562
4992	0.964562
4993	0.964562
4994	0.964562
4995	0.964562
4996	0.964562
4997	0.964562
4998	0.964562
4999	0.964562
5000	0.964562
5001	0.964562
5002	0.964562
5003	0.964562
5004	0.964562
5005	0.964562
5006	0.964562
5007	0.964562
5008	0.964562
5009	0.964562
5010	0.964562
5011	0.964562
5012	0.964562
5013	0.964562
5014	0.964562
5015	0.964562
5016	0.964562
5017	0.964562
5018	0.964562
5019	0.964562
5020	0.964562
5021	0.964562
5022	0.964562
5023	0.964562
5024	0.964562
5025	0.964562
5026	0.964562
5027	0.964562
5028	0.964562
5029	0.964562
5030	0.964562
5031	0.964562
5032	0.964562
5033	0.964562
5034	0.964562
5035	0.964562
5036	0.964562
5037	0.964562
5038	0.964562
5039	0.964562
5040	0.964562
5041	0.964562
5042	0.964562
5043	0.964562
5044	0.964562
5045	0.964562
5046	0.964562
5047	0.964562
5048	0.964562
5049	0.964562
5050	0.964562
5051	0.964562
5052	0.964562
5053	0.964562
5054	0.964562
5055	0.964562
5056	0.964562
5057	0.964562
5058	0.964562
5059	0.964562
5060	0.964562
5061	0.964562
5062	0.964562
5063	0.964562
5064	0.964562
5065	0.964562
5066	0.964562
5067	0.964562
5068	0.964562
5069	0.964562
5070	0.964562
5071	0.964562
5072	0.964562
5073	0.964562
5074	0.964562
5075	0.964562
5076	0.964562
5077	0.964562
5078	0.964562
5079	0.964562
5080	0.964562
5081	0.964562
5082	0.964562
5083	0.964562
5084	0.964562
5085	0.964562
5086	0.964562
5087	0.964562
5088	0.964562
5089	0.964562
5090	0.964562
5091	0.964562
5092	0.964562
5093	0.964562
5094	0.964562
5095	0.964562
5096	0.964562
5097	0.964562
5098	0.964562
5099	0.964562
5100	0.964562
5101	0.964562
5102	0.964562
5103	0.964562
5104	0.964562
5105	0.964562
5106	0.964562
5107	0.964562
5108	0.964562
5109	0.964562
5110	0.964562
5111	0.964562
5112	0.964562
5113	0.964562
5114	0.964562
5115	0.964562
5116	0.964562
5117	0.964562
5118	0.964562
5119	0.964562
5120	0.964562
5121	0.964562
5122	0.964562
5123	0.964562
5124	0.964562
5125	0.964562
5126	0.964562
5127	0.964562
5128	0.964562
5129	0.964562
5130	0.964562
5131	0.964562
5132	0.964562
5133	0.964562
5134	0.964562
5135	0.964562
5136	0.964562
5137	0.964562
5138	0.964562
5139	0.964562
5140	0.964562
5141	0.964562
5142	0.964562
5143	0.964562
5144	0.964562
5145	0.964562
5146	0.964562
5147	0.964562
5148	0.964562
5149	0.964562
5150	0.964562
5151	0.964562
5152	0.964562
5153	0.964562
5154	0.964562
5155	0.964562
5156	0.964562
5157	0.964562
5158	0.964562
5159	0.964562
5160	0.964562
5161	0.964562
5162	0.964562
5163	0.964562
5164	0.964562
5165	0.964562
5166	0.964562
5167	0.964562
5168	0.964562
5169	0.964562
5170	0.964562
5171	0.964562
5172	0.964562
5173	0.964562
5174	0.964562
5175	0.964562
5176	0.964562
5177	0.964562
5178	0.964562
5179	0.964562
5180	0.964562
5181	0.964562
5182	0.964562
5183	0.964562
5184	0.964562
5185	0.964562
5186	0.964562
5187	0.964562
5188	0.964562
5189	0.964562
5190	0.964562
5191	0.964562
5192	0.964562
5193	0.964562
5194	0.964562
5195	0.964562
5196	0.964562
5197	0.964562
5198	0.964562
5199	0.964562
5200	0.964562
5201	0.964562
5202	0.964562
5203	0.964562
5204	0.964562
5205	0.964562
5206	0.964562
5207	0.964562
5208	0.964562
5209	0.964562
5210	0.964562
5211	0.964562
5212	0.964562
5213	0.964562
5214	0.964562
5215	0.964562
5216	0.964562
5217	0.964562
5218	0.964562
5219	0.964562
5220	0.964562
5221	0.964562
5222	0.964562
5223	0.964562
5224	0.964562
5225	0.964562
5226	0.964562
5227	0.964562
5228	0.964562
5229	0.964562
5230	0.964562
5231	0.964562
5232	0.964562
5233	0.964562
5234	0.964562
5235	0.964562
5236	0.964562
5237	0.964562
5238	0.964562
5239	0.964562
5240	0.964562
5241	0.964562
5242	0.964562
5243	0.964562
5244	0.964562
5245	0.964562
5246	0.964562
5247	0.964562
5248	0.964562
5249	0.964562
5250	0.964562
5251	0.964562
5252	0.964562
5253	0.964562
5254	0.964562
5255	0.964562
5256	0.964562
5257	0.964562
5258	0.964562
5259	0.964562
5260	0.964562
5261	0.964562
5262	0.964562
5263	0.964562
5264	0.964562
5265	0.964562
5266	0.964562
5267	0.964562
5268	0.964562
5269	0.964562
5270	0.964562
5271	0.964562
5272	0.964562
5273	0.964562
5274	0.964562
5275	0.964562
5276	0.964562
5277	0.964562
5278	0.964562
5279	0.964562
5280	0.964562
5281	0.964562
5282	0.964562
5283	0.964562
5284	0.964562
5285	0.964562
5286	0.964562
5287	0.964562
5288	0.964562
5289	0.964562
5290	0.964562
5291	0.964562
5292	0.964562
5293	0.964562
5294	0.964562
5295	0.964562
5296	0.964562
5297	0.964562
5298	0.964562
5299	0.964562
5300	0.964562
5301	0.964562
5302	0.964562
5303	0.964562
5304	0.964562
5305	0.964562
5306	0.964562
5307	0.964562
5308	0.964562
5309	0.964562
5310	0.964562
5311	0.964562
5312	0.964562
5313	0.964562
5314	0.964562
5315	0.964562
5316	0.964562
5317	0.964562
5318	0.964562
5319	0.964562
5320	0.964562
5321	0.964562
5322	0.964562
5323	0.964562
5324	0.964562
5325	0.964562
5326	0.964562
5327	0.964562
5328	0.964562
5329	0.964562
5330	0.964562
5331	0.964562
5332	0.964562
5333	0.964562
5334	0.964562
5335	0.964562
5336	0.964562
5337	0.964562
5338	0.964562
6 6 1 5 3 2 3 6 5 6 5 3 2 6 0 3 2 3 4 3 5 6 3 4 1 6 3 1 6 6 4 5 6 3 3 6 3 6 5 6 5 1 1 5 3 4 4 1 3 4 5 6 1 3 3 3 1 5 5 4 1 1 1 3 6 6 3 6 5 6 1 6 3 6 6 1 2 3 4 5 6 5 5 4 6 4 4 1 6 1 6 5 6 6 6 4 4 6 5 3 5 
Fitness: 0.964562	Infeas: 21	K Dist: 0.791722	Time: 0.505112	Seed: 860681
