0	2.68659
2	2.68659
4	2.68659
6	2.68659
8	2.68659
10	2.68659
12	2.68659
14	2.68659
16	2.68659
13830	2.68659
13832	1.95753
13834	1.95753
13836	1.95753
13838	1.95753
13840	1.95753
13842	1.95753
13844	1.95753
13846	1.95753
13848	1.95753
20264	1.95753
20266	1.79869
20268	1.79869
20270	1.79869
20272	1.79869
20274	1.79869
20276	1.79869
20278	1.79869
20280	1.79869
20282	1.79869
25726	1.79869
25728	1.70896
25730	1.70896
25732	1.70896
25734	1.70896
25736	1.70896
25738	1.70896
25740	1.70896
25742	1.70896
25744	1.70896
30690	1.70896
30692	1.63062
30694	1.63062
30696	1.63062
30698	1.63062
30700	1.63062
30702	1.63062
30704	1.63062
30706	1.63062
30708	1.63062
35546	1.63062
35548	1.54701
35550	1.54701
35552	1.54701
35554	1.54701
35556	1.54701
35558	1.54701
35560	1.54701
35562	1.54701
35564	1.54701
40096	1.54701
40098	1.43006
40100	1.43006
40102	1.43006
40104	1.43006
40106	1.43006
40108	1.43006
40110	1.43006
40112	1.43006
40114	1.43006
44388	1.43006
44390	1.34979
44392	1.34979
44394	1.34979
44396	1.34979
44398	1.34979
44400	1.34979
44402	1.34979
44404	1.34979
44406	1.34979
48566	1.34979
48568	1.33408
48570	1.33408
48572	1.33408
48574	1.33408
48576	1.33408
48578	1.33408
48580	1.33408
48582	1.33408
48584	1.33408
52630	1.33408
52632	1.20693
52634	1.20693
52636	1.20693
52638	1.20693
52640	1.20693
52642	1.20693
52644	1.20693
52646	1.20693
52648	1.20693
56730	1.20693
56732	1.16621
56734	1.16621
56736	1.16621
56738	1.16621
56740	1.16621
56742	1.16621
56744	1.16621
56746	1.16621
56748	1.16621
60710	1.16621
60712	1.15605
60714	1.15605
60716	1.15605
60718	1.15605
60720	1.15605
60722	1.15605
60724	1.15605
60726	1.15605
60728	1.15605
64576	1.15605
64578	1.12441
64580	1.12441
64582	1.12441
64584	1.12441
64586	1.12441
64588	1.12441
64590	1.12441
64592	1.12441
64594	1.12441
68514	1.12441
68516	1.11516
68518	1.11516
68520	1.11516
68522	1.11516
68524	1.11516
68526	1.11516
68528	1.11516
68530	1.11516
68532	1.11516
72374	1.11516
72376	1.08935
72378	1.08935
72380	1.08935
72382	1.08935
72384	1.08935
72386	1.08935
72388	1.08935
72390	1.08935
72392	1.08935
76114	1.08935
76116	1.06035
76118	1.06035
76120	1.06035
76122	1.06035
76124	1.06035
76126	1.06035
76128	1.06035
76130	1.06035
76132	1.06035
79944	1.06035
79946	0.992122
79948	0.992122
79950	0.992122
79952	0.992122
79954	0.992122
79956	0.992122
79958	0.992122
79960	0.992122
79962	0.992122
83594	0.992122
83596	0.984633
83598	0.984633
83600	0.984633
83602	0.984633
83604	0.984633
83606	0.984633
83608	0.984633
83610	0.984633
83612	0.984633
87340	0.984633
87342	0.984633
87344	0.984633
87346	0.984633
87348	0.984633
87350	0.984633
87352	0.984633
87354	0.984633
87356	0.984633
87358	0.984633
90996	0.984633
90998	0.959575
91000	0.959575
91002	0.959575
91004	0.959575
91006	0.959575
91008	0.959575
91010	0.959575
91012	0.959575
91014	0.959575
94646	0.959575
94648	0.938762
94650	0.938762
94652	0.938762
94654	0.938762
94656	0.938762
94658	0.938762
94660	0.938762
94662	0.938762
94664	0.938762
98230	0.938762
98232	0.938762
98234	0.938762
98236	0.938762
98238	0.938762
98240	0.938762
98242	0.938762
98244	0.938762
98246	0.938762
98248	0.938762
101982	0.938762
AM_10_1	12	0.821402	0.920168	9.12867	860681
0	2.68659
2	2.68659
4	2.68659
6	2.68659
8	2.68659
10	2.68659
12	2.68659
14	2.68659
16	2.68659
1386	2.68659
1388	2.05366
1390	2.05366
1392	2.05366
1394	2.05366
1396	2.05366
1398	2.05366
1400	2.05366
1402	2.05366
1404	2.05366
2084	2.05366
2086	1.94219
2088	1.94219
2090	1.94219
2092	1.94219
2094	1.94219
2096	1.94219
2098	1.94219
2100	1.94219
2102	1.94219
2608	1.94219
2610	1.78544
2612	1.78544
2614	1.78544
2616	1.78544
2618	1.78544
2620	1.78544
2622	1.78544
2624	1.78544
2626	1.78544
3204	1.78544
3206	1.67775
3208	1.67775
3210	1.67775
3212	1.67775
3214	1.67775
3216	1.67775
3218	1.67775
3220	1.67775
3222	1.67775
3782	1.67775
3784	1.60388
3786	1.60388
3788	1.60388
3790	1.60388
3792	1.60388
3794	1.60388
3796	1.60388
3798	1.60388
3800	1.60388
4306	1.60388
4308	1.47327
4310	1.47327
4312	1.47327
4314	1.47327
4316	1.47327
4318	1.47327
4320	1.47327
4322	1.47327
4324	1.47327
4800	1.47327
4802	1.42231
4804	1.42231
4806	1.42231
4808	1.42231
4810	1.42231
4812	1.42231
4814	1.42231
4816	1.42231
4818	1.42231
5324	1.42231
5326	1.38852
5328	1.38852
5330	1.38852
5332	1.38852
5334	1.38852
5336	1.38852
5338	1.38852
5340	1.38852
5342	1.38852
5752	1.38852
5754	1.3384
5756	1.3384
5758	1.3384
5760	1.3384
5762	1.3384
5764	1.3384
5766	1.3384
5768	1.3384
5770	1.3384
6174	1.3384
6176	1.33685
6178	1.33685
6180	1.33685
6182	1.33685
6184	1.33685
6186	1.33685
6188	1.33685
6190	1.33685
6192	1.33685
6596	1.33685
6598	1.27371
6600	1.27371
6602	1.27371
6604	1.27371
6606	1.27371
6608	1.27371
6610	1.27371
6612	1.27371
6614	1.27371
7000	1.27371
7002	1.26434
7004	1.26434
7006	1.26434
7008	1.26434
7010	1.26434
7012	1.26434
7014	1.26434
7016	1.26434
7018	1.26434
7410	1.26434
7412	1.23791
7414	1.23791
7416	1.23791
7418	1.23791
7420	1.23791
7422	1.23791
7424	1.23791
7426	1.23791
7428	1.23791
7802	1.23791
7804	1.23259
7806	1.23259
7808	1.23259
7810	1.23259
7812	1.23259
7814	1.23259
7816	1.23259
7818	1.23259
7820	1.23259
8224	1.23259
8226	1.1707
8228	1.1707
8230	1.1707
8232	1.1707
8234	1.1707
8236	1.1707
8238	1.1707
8240	1.1707
8242	1.1707
8640	1.1707
8642	1.13102
8644	1.13102
8646	1.13102
8648	1.13102
8650	1.13102
8652	1.13102
8654	1.13102
8656	1.13102
8658	1.13102
9020	1.13102
9022	1.13102
9024	1.13102
9026	1.13102
9028	1.13102
9030	1.13102
9032	1.13102
9034	1.13102
9036	1.13102
9038	1.13102
9394	1.13102
9396	1.10718
9398	1.10718
9400	1.10718
9402	1.10718
9404	1.10718
9406	1.10718
9408	1.10718
9410	1.10718
9412	1.10718
9774	1.10718
9776	1.07309
9778	1.07309
9780	1.07309
9782	1.07309
9784	1.07309
9786	1.07309
9788	1.07309
9790	1.07309
9792	1.07309
10196	1.07309
10198	1.03592
10200	1.03592
10202	1.03592
10204	1.03592
10206	1.03592
10208	1.03592
10210	1.03592
10212	1.03592
10214	1.03592
10564	1.03592
10566	1.03175
10568	1.03175
10570	1.03175
10572	1.03175
10574	1.03175
10576	1.03175
10578	1.03175
10580	1.03175
10582	1.03175
10944	1.03175
10946	0.958793
10948	0.958793
10950	0.958793
10952	0.958793
10954	0.958793
10956	0.958793
10958	0.958793
10960	0.958793
10962	0.958793
11300	0.958793
11302	0.958793
11304	0.958793
11306	0.958793
11308	0.958793
11310	0.958793
11312	0.958793
11314	0.958793
11316	0.958793
11318	0.958793
11680	0.958793
11682	0.940076
11684	0.940076
11686	0.940076
11688	0.940076
11690	0.940076
11692	0.940076
11694	0.940076
11696	0.940076
11698	0.940076
12048	0.940076
12050	0.936797
12052	0.936797
12054	0.936797
12056	0.936797
12058	0.936797
12060	0.936797
12062	0.936797
12064	0.936797
12066	0.936797
12410	0.936797
12412	0.936797
12414	0.936797
12416	0.936797
12418	0.936797
12420	0.936797
12422	0.936797
12424	0.936797
12426	0.936797
12428	0.936797
12784	0.936797
12786	0.928277
12788	0.928277
12790	0.928277
12792	0.928277
12794	0.928277
12796	0.928277
12798	0.928277
12800	0.928277
12802	0.928277
13152	0.928277
13154	0.916429
13156	0.916429
13158	0.916429
13160	0.916429
13162	0.916429
13164	0.916429
13166	0.916429
13168	0.916429
13170	0.916429
13514	0.916429
13516	0.916429
13518	0.916429
13520	0.916429
13522	0.916429
13524	0.916429
13526	0.916429
13528	0.916429
13530	0.916429
13532	0.916429
13876	0.916429
13878	0.916429
13880	0.916429
13882	0.916429
13884	0.916429
13886	0.916429
13888	0.916429
13890	0.916429
13892	0.916429
13894	0.916429
14244	0.916429
14246	0.916429
14248	0.916429
14250	0.916429
14252	0.916429
14254	0.916429
14256	0.916429
14258	0.916429
14260	0.916429
14262	0.916429
14612	0.916429
14614	0.892987
14616	0.892987
14618	0.892987
14620	0.892987
14622	0.892987
14624	0.892987
14626	0.892987
14628	0.892987
14630	0.892987
14968	0.892987
14970	0.892987
14972	0.892987
14974	0.892987
14976	0.892987
14978	0.892987
14980	0.892987
14982	0.892987
14984	0.892987
14986	0.892987
15324	0.892987
15326	0.892987
15328	0.892987
15330	0.892987
15332	0.892987
15334	0.892987
15336	0.892987
15338	0.892987
15340	0.892987
15342	0.892987
15704	0.892987
15706	0.88546
15708	0.88546
15710	0.88546
15712	0.88546
15714	0.88546
15716	0.88546
15718	0.88546
15720	0.88546
15722	0.88546
16072	0.88546
16074	0.88546
16076	0.88546
16078	0.88546
16080	0.88546
16082	0.88546
16084	0.88546
16086	0.88546
16088	0.88546
16090	0.88546
16434	0.88546
16436	0.88546
16438	0.88546
16440	0.88546
16442	0.88546
16444	0.88546
16446	0.88546
16448	0.88546
16450	0.88546
16452	0.88546
16814	0.88546
16816	0.871812
16818	0.871812
16820	0.871812
16822	0.871812
16824	0.871812
16826	0.871812
16828	0.871812
16830	0.871812
16832	0.871812
17182	0.871812
17184	0.840325
17186	0.840325
17188	0.840325
17190	0.840325
17192	0.840325
17194	0.840325
17196	0.840325
17198	0.840325
17200	0.840325
17544	0.840325
17546	0.822361
17548	0.822361
17550	0.822361
17552	0.822361
17554	0.822361
17556	0.822361
17558	0.822361
17560	0.822361
17562	0.822361
17906	0.822361
17908	0.812014
17910	0.812014
17912	0.812014
17914	0.812014
17916	0.812014
17918	0.812014
17920	0.812014
17922	0.812014
17924	0.812014
18274	0.812014
18276	0.812014
18278	0.812014
18280	0.812014
18282	0.812014
18284	0.812014
18286	0.812014
18288	0.812014
18290	0.812014
18292	0.812014
18636	0.812014
18638	0.804218
18640	0.804218
18642	0.804218
18644	0.804218
18646	0.804218
18648	0.804218
18650	0.804218
18652	0.804218
18654	0.804218
18986	0.804218
18988	0.802669
18990	0.802669
18992	0.802669
18994	0.802669
18996	0.802669
18998	0.802669
19000	0.802669
19002	0.802669
19004	0.802669
19348	0.802669
19350	0.796264
19352	0.796264
19354	0.796264
19356	0.796264
19358	0.796264
19360	0.796264
19362	0.796264
19364	0.796264
19366	0.796264
19686	0.796264
19688	0.781424
19690	0.781424
19692	0.781424
19694	0.781424
19696	0.781424
19698	0.781424
19700	0.781424
19702	0.781424
19704	0.781424
20036	0.781424
20038	0.781424
20040	0.781424
20042	0.781424
20044	0.781424
20046	0.781424
20048	0.781424
20050	0.781424
20052	0.781424
20054	0.781424
20386	0.781424
20388	0.781424
20390	0.781424
20392	0.781424
20394	0.781424
20396	0.781424
20398	0.781424
20400	0.781424
20402	0.781424
20404	0.781424
20736	0.781424
20738	0.77352
20740	0.77352
20742	0.77352
20744	0.77352
20746	0.77352
20748	0.77352
20750	0.77352
20752	0.77352
20754	0.77352
21092	0.77352
21094	0.77352
21096	0.77352
21098	0.77352
21100	0.77352
21102	0.77352
21104	0.77352
21106	0.77352
21108	0.77352
21110	0.77352
21442	0.77352
21444	0.77352
21446	0.77352
21448	0.77352
21450	0.77352
21452	0.77352
21454	0.77352
21456	0.77352
21458	0.77352
21460	0.77352
21798	0.77352
21800	0.738384
21802	0.738384
21804	0.738384
21806	0.738384
21808	0.738384
21810	0.738384
21812	0.738384
21814	0.738384
21816	0.738384
22148	0.738384
22150	0.738384
22152	0.738384
22154	0.738384
22156	0.738384
22158	0.738384
22160	0.738384
22162	0.738384
22164	0.738384
22166	0.738384
22492	0.738384
22494	0.738384
22496	0.738384
22498	0.738384
22500	0.738384
22502	0.738384
22504	0.738384
22506	0.738384
22508	0.738384
22510	0.738384
22836	0.738384
22838	0.738384
22840	0.738384
22842	0.738384
22844	0.738384
22846	0.738384
22848	0.738384
22850	0.738384
22852	0.738384
22854	0.738384
23186	0.738384
23188	0.738384
23190	0.738384
23192	0.738384
23194	0.738384
23196	0.738384
23198	0.738384
23200	0.738384
23202	0.738384
23204	0.738384
23536	0.738384
23538	0.738384
23540	0.738384
23542	0.738384
23544	0.738384
23546	0.738384
23548	0.738384
23550	0.738384
23552	0.738384
23554	0.738384
23904	0.738384
23906	0.731027
23908	0.731027
23910	0.731027
23912	0.731027
23914	0.731027
23916	0.731027
23918	0.731027
23920	0.731027
23922	0.731027
24260	0.731027
24262	0.727005
24264	0.727005
24266	0.727005
24268	0.727005
24270	0.727005
24272	0.727005
24274	0.727005
24276	0.727005
24278	0.727005
24622	0.727005
24624	0.72522
24626	0.72522
24628	0.72522
24630	0.72522
24632	0.72522
24634	0.72522
24636	0.72522
24638	0.72522
24640	0.72522
24960	0.72522
24962	0.72522
24964	0.72522
24966	0.72522
24968	0.72522
24970	0.72522
24972	0.72522
24974	0.72522
24976	0.72522
24978	0.72522
25322	0.72522
25324	0.724813
25326	0.724813
25328	0.724813
25330	0.724813
25332	0.724813
25334	0.724813
25336	0.724813
25338	0.724813
25340	0.724813
25666	0.724813
25668	0.724813
25670	0.724813
25672	0.724813
25674	0.724813
25676	0.724813
25678	0.724813
25680	0.724813
25682	0.724813
25684	0.724813
26010	0.724813
26012	0.724813
26014	0.724813
26016	0.724813
26018	0.724813
26020	0.724813
26022	0.724813
26024	0.724813
26026	0.724813
26028	0.724813
26348	0.724813
26350	0.724813
26352	0.724813
26354	0.724813
26356	0.724813
26358	0.724813
26360	0.724813
26362	0.724813
26364	0.724813
26366	0.724813
26692	0.724813
26694	0.724813
26696	0.724813
26698	0.724813
26700	0.724813
26702	0.724813
26704	0.724813
26706	0.724813
26708	0.724813
26710	0.724813
27030	0.724813
27032	0.724813
27034	0.724813
27036	0.724813
27038	0.724813
27040	0.724813
27042	0.724813
27044	0.724813
27046	0.724813
27048	0.724813
27374	0.724813
27376	0.724813
27378	0.724813
27380	0.724813
27382	0.724813
27384	0.724813
27386	0.724813
27388	0.724813
27390	0.724813
27392	0.724813
27718	0.724813
27720	0.724813
27722	0.724813
27724	0.724813
27726	0.724813
27728	0.724813
27730	0.724813
27732	0.724813
27734	0.724813
27736	0.724813
28068	0.724813
28070	0.724813
28072	0.724813
28074	0.724813
28076	0.724813
28078	0.724813
28080	0.724813
28082	0.724813
28084	0.724813
28086	0.724813
28418	0.724813
28420	0.724813
28422	0.724813
28424	0.724813
28426	0.724813
28428	0.724813
28430	0.724813
28432	0.724813
28434	0.724813
28436	0.724813
28762	0.724813
28764	0.724813
28766	0.724813
28768	0.724813
28770	0.724813
28772	0.724813
28774	0.724813
28776	0.724813
28778	0.724813
28780	0.724813
29112	0.724813
29114	0.724813
29116	0.724813
29118	0.724813
29120	0.724813
29122	0.724813
29124	0.724813
29126	0.724813
29128	0.724813
29130	0.724813
29456	0.724813
29458	0.724813
29460	0.724813
29462	0.724813
29464	0.724813
29466	0.724813
29468	0.724813
29470	0.724813
29472	0.724813
29474	0.724813
29794	0.724813
29796	0.724813
29798	0.724813
29800	0.724813
29802	0.724813
29804	0.724813
29806	0.724813
29808	0.724813
29810	0.724813
29812	0.724813
30138	0.724813
30140	0.724813
30142	0.724813
30144	0.724813
30146	0.724813
30148	0.724813
30150	0.724813
30152	0.724813
30154	0.724813
30156	0.724813
30482	0.724813
30484	0.724813
30486	0.724813
30488	0.724813
30490	0.724813
30492	0.724813
30494	0.724813
30496	0.724813
30498	0.724813
30500	0.724813
30826	0.724813
30828	0.724813
30830	0.724813
30832	0.724813
30834	0.724813
30836	0.724813
30838	0.724813
30840	0.724813
30842	0.724813
30844	0.724813
31152	0.724813
31154	0.724813
31156	0.724813
31158	0.724813
31160	0.724813
31162	0.724813
31164	0.724813
31166	0.724813
31168	0.724813
31170	0.724813
31502	0.724813
31504	0.724813
31506	0.724813
31508	0.724813
31510	0.724813
31512	0.724813
31514	0.724813
31516	0.724813
31518	0.724813
31520	0.724813
31840	0.724813
31842	0.724813
31844	0.724813
31846	0.724813
31848	0.724813
31850	0.724813
31852	0.724813
31854	0.724813
31856	0.724813
31858	0.724813
32190	0.724813
32192	0.724813
32194	0.724813
32196	0.724813
32198	0.724813
32200	0.724813
32202	0.724813
32204	0.724813
32206	0.724813
32208	0.724813
32540	0.724813
32542	0.724813
32544	0.724813
32546	0.724813
32548	0.724813
32550	0.724813
32552	0.724813
32554	0.724813
32556	0.724813
32558	0.724813
32872	0.724813
32874	0.724813
32876	0.724813
32878	0.724813
32880	0.724813
32882	0.724813
32884	0.724813
32886	0.724813
32888	0.724813
32890	0.724813
33210	0.724813
33212	0.724813
33214	0.724813
33216	0.724813
33218	0.724813
33220	0.724813
33222	0.724813
33224	0.724813
33226	0.724813
33228	0.724813
33554	0.724813
33556	0.724813
33558	0.724813
33560	0.724813
33562	0.724813
33564	0.724813
33566	0.724813
33568	0.724813
33570	0.724813
33572	0.724813
33892	0.724813
33894	0.724813
33896	0.724813
33898	0.724813
33900	0.724813
33902	0.724813
33904	0.724813
33906	0.724813
33908	0.724813
33910	0.724813
34230	0.724813
34232	0.724813
34234	0.724813
34236	0.724813
34238	0.724813
34240	0.724813
34242	0.724813
34244	0.724813
34246	0.724813
34248	0.724813
34574	0.724813
34576	0.724813
34578	0.724813
34580	0.724813
34582	0.724813
34584	0.724813
34586	0.724813
34588	0.724813
34590	0.724813
34592	0.724813
34918	0.724813
34920	0.724813
34922	0.724813
34924	0.724813
34926	0.724813
34928	0.724813
34930	0.724813
34932	0.724813
34934	0.724813
34936	0.724813
35268	0.724813
35270	0.724813
35272	0.724813
35274	0.724813
35276	0.724813
35278	0.724813
35280	0.724813
35282	0.724813
35284	0.724813
35286	0.724813
35618	0.724813
35620	0.724813
35622	0.724813
35624	0.724813
35626	0.724813
35628	0.724813
35630	0.724813
35632	0.724813
35634	0.724813
35636	0.724813
35962	0.724813
35964	0.724813
35966	0.724813
35968	0.724813
35970	0.724813
35972	0.724813
35974	0.724813
35976	0.724813
35978	0.724813
35980	0.724813
36312	0.724813
36314	0.724813
36316	0.724813
36318	0.724813
36320	0.724813
36322	0.724813
36324	0.724813
36326	0.724813
36328	0.724813
36330	0.724813
36650	0.724813
36652	0.724813
36654	0.724813
36656	0.724813
36658	0.724813
36660	0.724813
36662	0.724813
36664	0.724813
36666	0.724813
36668	0.724813
36988	0.724813
36990	0.724813
36992	0.724813
36994	0.724813
36996	0.724813
36998	0.724813
37000	0.724813
37002	0.724813
37004	0.724813
37006	0.724813
37332	0.724813
37334	0.724813
37336	0.724813
37338	0.724813
37340	0.724813
37342	0.724813
37344	0.724813
37346	0.724813
37348	0.724813
37350	0.724813
37670	0.724813
37672	0.724813
37674	0.724813
37676	0.724813
37678	0.724813
37680	0.724813
37682	0.724813
37684	0.724813
37686	0.724813
37688	0.724813
38014	0.724813
38016	0.724813
38018	0.724813
38020	0.724813
38022	0.724813
38024	0.724813
38026	0.724813
38028	0.724813
38030	0.724813
38032	0.724813
38358	0.724813
38360	0.724813
38362	0.724813
38364	0.724813
38366	0.724813
38368	0.724813
38370	0.724813
38372	0.724813
38374	0.724813
38376	0.724813
38702	0.724813
38704	0.724813
38706	0.724813
38708	0.724813
38710	0.724813
38712	0.724813
38714	0.724813
38716	0.724813
38718	0.724813
38720	0.724813
39034	0.724813
39036	0.724813
39038	0.724813
39040	0.724813
39042	0.724813
39044	0.724813
39046	0.724813
39048	0.724813
39050	0.724813
39052	0.724813
39378	0.724813
39380	0.724813
39382	0.724813
39384	0.724813
39386	0.724813
39388	0.724813
39390	0.724813
39392	0.724813
39394	0.724813
39396	0.724813
39722	0.724813
39724	0.724813
39726	0.724813
39728	0.724813
39730	0.724813
39732	0.724813
39734	0.724813
39736	0.724813
39738	0.724813
39740	0.724813
40060	0.724813
40062	0.724813
40064	0.724813
40066	0.724813
40068	0.724813
40070	0.724813
40072	0.724813
40074	0.724813
40076	0.724813
40078	0.724813
40404	0.724813
40406	0.724813
40408	0.724813
40410	0.724813
40412	0.724813
40414	0.724813
40416	0.724813
40418	0.724813
40420	0.724813
40422	0.724813
40742	0.724813
40744	0.724813
40746	0.724813
40748	0.724813
40750	0.724813
40752	0.724813
40754	0.724813
40756	0.724813
40758	0.724813
40760	0.724813
41080	0.724813
41082	0.724813
41084	0.724813
41086	0.724813
41088	0.724813
41090	0.724813
41092	0.724813
41094	0.724813
41096	0.724813
41098	0.724813
41418	0.724813
41420	0.724813
41422	0.724813
41424	0.724813
41426	0.724813
41428	0.724813
41430	0.724813
41432	0.724813
41434	0.724813
41436	0.724813
41756	0.724813
41758	0.724813
41760	0.724813
41762	0.724813
41764	0.724813
41766	0.724813
41768	0.724813
41770	0.724813
41772	0.724813
41774	0.724813
42100	0.724813
42102	0.724813
42104	0.724813
42106	0.724813
42108	0.724813
42110	0.724813
42112	0.724813
42114	0.724813
42116	0.724813
42118	0.724813
42438	0.724813
42440	0.724813
42442	0.724813
42444	0.724813
42446	0.724813
42448	0.724813
42450	0.724813
42452	0.724813
42454	0.724813
42456	0.724813
42782	0.724813
42784	0.724813
42786	0.724813
42788	0.724813
42790	0.724813
42792	0.724813
42794	0.724813
42796	0.724813
42798	0.724813
42800	0.724813
43132	0.724813
43134	0.724813
43136	0.724813
43138	0.724813
43140	0.724813
43142	0.724813
43144	0.724813
43146	0.724813
43148	0.724813
43150	0.724813
43482	0.724813
43484	0.724813
43486	0.724813
43488	0.724813
43490	0.724813
43492	0.724813
43494	0.724813
43496	0.724813
43498	0.724813
43500	0.724813
43826	0.724813
43828	0.724813
43830	0.724813
43832	0.724813
43834	0.724813
43836	0.724813
43838	0.724813
43840	0.724813
43842	0.724813
43844	0.724813
44170	0.724813
44172	0.724813
44174	0.724813
44176	0.724813
44178	0.724813
44180	0.724813
44182	0.724813
44184	0.724813
44186	0.724813
44188	0.724813
44514	0.724813
44516	0.724813
44518	0.724813
44520	0.724813
44522	0.724813
44524	0.724813
44526	0.724813
44528	0.724813
44530	0.724813
44532	0.724813
44858	0.724813
44860	0.724813
44862	0.724813
44864	0.724813
44866	0.724813
44868	0.724813
44870	0.724813
44872	0.724813
44874	0.724813
44876	0.724813
45202	0.724813
45204	0.724813
45206	0.724813
45208	0.724813
45210	0.724813
45212	0.724813
45214	0.724813
45216	0.724813
45218	0.724813
45220	0.724813
45546	0.724813
45548	0.724813
45550	0.724813
45552	0.724813
45554	0.724813
45556	0.724813
45558	0.724813
45560	0.724813
45562	0.724813
45564	0.724813
45884	0.724813
45886	0.724813
45888	0.724813
45890	0.724813
45892	0.724813
45894	0.724813
45896	0.724813
45898	0.724813
45900	0.724813
45902	0.724813
46228	0.724813
46230	0.724813
46232	0.724813
46234	0.724813
46236	0.724813
46238	0.724813
46240	0.724813
46242	0.724813
46244	0.724813
46246	0.724813
46566	0.724813
46568	0.724813
46570	0.724813
46572	0.724813
46574	0.724813
46576	0.724813
46578	0.724813
46580	0.724813
46582	0.724813
46584	0.724813
46910	0.724813
46912	0.724813
46914	0.724813
46916	0.724813
46918	0.724813
46920	0.724813
46922	0.724813
46924	0.724813
46926	0.724813
46928	0.724813
47254	0.724813
47256	0.724813
47258	0.724813
47260	0.724813
47262	0.724813
47264	0.724813
47266	0.724813
47268	0.724813
47270	0.724813
47272	0.724813
47598	0.724813
47600	0.724813
47602	0.724813
47604	0.724813
47606	0.724813
47608	0.724813
47610	0.724813
47612	0.724813
47614	0.724813
47616	0.724813
47942	0.724813
47944	0.724813
47946	0.724813
47948	0.724813
47950	0.724813
47952	0.724813
47954	0.724813
47956	0.724813
47958	0.724813
47960	0.724813
48286	0.724813
48288	0.724813
48290	0.724813
48292	0.724813
48294	0.724813
48296	0.724813
48298	0.724813
48300	0.724813
48302	0.724813
48304	0.724813
48636	0.724813
48638	0.724813
48640	0.724813
48642	0.724813
48644	0.724813
48646	0.724813
48648	0.724813
48650	0.724813
48652	0.724813
48654	0.724813
48986	0.724813
48988	0.724813
48990	0.724813
48992	0.724813
48994	0.724813
48996	0.724813
48998	0.724813
49000	0.724813
49002	0.724813
49004	0.724813
49336	0.724813
49338	0.724813
49340	0.724813
49342	0.724813
49344	0.724813
49346	0.724813
49348	0.724813
49350	0.724813
49352	0.724813
49354	0.724813
49668	0.724813
49670	0.724813
49672	0.724813
49674	0.724813
49676	0.724813
49678	0.724813
49680	0.724813
49682	0.724813
49684	0.724813
49686	0.724813
50012	0.724813
50014	0.724813
50016	0.724813
50018	0.724813
50020	0.724813
50022	0.724813
50024	0.724813
50026	0.724813
50028	0.724813
50030	0.724813
50350	0.724813
50352	0.724813
50354	0.724813
50356	0.724813
50358	0.724813
50360	0.724813
50362	0.724813
50364	0.724813
50366	0.724813
50368	0.724813
50688	0.724813
50690	0.724813
50692	0.724813
50694	0.724813
50696	0.724813
50698	0.724813
50700	0.724813
50702	0.724813
50704	0.724813
50706	0.724813
51026	0.724813
51028	0.724813
51030	0.724813
51032	0.724813
51034	0.724813
51036	0.724813
51038	0.724813
51040	0.724813
51042	0.724813
51044	0.724813
51370	0.724813
51372	0.724813
51374	0.724813
51376	0.724813
51378	0.724813
51380	0.724813
51382	0.724813
51384	0.724813
51386	0.724813
51388	0.724813
51720	0.724813
51722	0.724813
51724	0.724813
51726	0.724813
51728	0.724813
51730	0.724813
51732	0.724813
51734	0.724813
51736	0.724813
51738	0.724813
52070	0.724813
52072	0.724813
52074	0.724813
52076	0.724813
52078	0.724813
52080	0.724813
52082	0.724813
52084	0.724813
52086	0.724813
52088	0.724813
52408	0.724813
52410	0.724813
52412	0.724813
52414	0.724813
52416	0.724813
52418	0.724813
52420	0.724813
52422	0.724813
52424	0.724813
52426	0.724813
52758	0.724813
52760	0.724813
52762	0.724813
52764	0.724813
52766	0.724813
52768	0.724813
52770	0.724813
52772	0.724813
52774	0.724813
52776	0.724813
53096	0.724813
53098	0.724813
53100	0.724813
53102	0.724813
53104	0.724813
53106	0.724813
53108	0.724813
53110	0.724813
53112	0.724813
53114	0.724813
53440	0.724813
53442	0.724813
53444	0.724813
53446	0.724813
53448	0.724813
53450	0.724813
53452	0.724813
53454	0.724813
53456	0.724813
53458	0.724813
53790	0.724813
53792	0.724813
53794	0.724813
53796	0.724813
53798	0.724813
53800	0.724813
53802	0.724813
53804	0.724813
53806	0.724813
53808	0.724813
54122	0.724813
54124	0.724813
54126	0.724813
54128	0.724813
54130	0.724813
54132	0.724813
54134	0.724813
54136	0.724813
54138	0.724813
54140	0.724813
54472	0.724813
54474	0.724813
54476	0.724813
54478	0.724813
54480	0.724813
54482	0.724813
54484	0.724813
54486	0.724813
54488	0.724813
54490	0.724813
54822	0.724813
54824	0.724813
54826	0.724813
54828	0.724813
54830	0.724813
54832	0.724813
54834	0.724813
54836	0.724813
54838	0.724813
54840	0.724813
55172	0.724813
55174	0.724813
55176	0.724813
55178	0.724813
55180	0.724813
55182	0.724813
55184	0.724813
55186	0.724813
55188	0.724813
55190	0.724813
55522	0.724813
55524	0.724813
55526	0.724813
55528	0.724813
55530	0.724813
55532	0.724813
55534	0.724813
55536	0.724813
55538	0.724813
55540	0.724813
55866	0.724813
55868	0.724813
55870	0.724813
55872	0.724813
55874	0.724813
55876	0.724813
55878	0.724813
55880	0.724813
55882	0.724813
55884	0.724813
56216	0.724813
56218	0.724813
56220	0.724813
56222	0.724813
56224	0.724813
56226	0.724813
56228	0.724813
56230	0.724813
56232	0.724813
56234	0.724813
56560	0.724813
56562	0.724813
56564	0.724813
56566	0.724813
56568	0.724813
56570	0.724813
56572	0.724813
56574	0.724813
56576	0.724813
56578	0.724813
56910	0.724813
56912	0.724813
56914	0.724813
56916	0.724813
56918	0.724813
56920	0.724813
56922	0.724813
56924	0.724813
56926	0.724813
56928	0.724813
57260	0.724813
57262	0.724813
57264	0.724813
57266	0.724813
57268	0.724813
57270	0.724813
57272	0.724813
57274	0.724813
57276	0.724813
57278	0.724813
57610	0.724813
57612	0.724813
57614	0.724813
57616	0.724813
57618	0.724813
57620	0.724813
57622	0.724813
57624	0.724813
57626	0.724813
57628	0.724813
57960	0.724813
57962	0.724813
57964	0.724813
57966	0.724813
57968	0.724813
57970	0.724813
57972	0.724813
57974	0.724813
57976	0.724813
57978	0.724813
58310	0.724813
58312	0.724813
58314	0.724813
58316	0.724813
58318	0.724813
58320	0.724813
58322	0.724813
58324	0.724813
58326	0.724813
58328	0.724813
58660	0.724813
58662	0.724813
58664	0.724813
58666	0.724813
58668	0.724813
58670	0.724813
58672	0.724813
58674	0.724813
58676	0.724813
58678	0.724813
58998	0.724813
59000	0.724813
59002	0.724813
59004	0.724813
59006	0.724813
59008	0.724813
59010	0.724813
59012	0.724813
59014	0.724813
59016	0.724813
59336	0.724813
59338	0.724813
59340	0.724813
59342	0.724813
59344	0.724813
59346	0.724813
59348	0.724813
59350	0.724813
59352	0.724813
59354	0.724813
59686	0.724813
59688	0.724813
59690	0.724813
59692	0.724813
59694	0.724813
59696	0.724813
59698	0.724813
59700	0.724813
59702	0.724813
59704	0.724813
60030	0.724813
60032	0.724813
60034	0.724813
60036	0.724813
60038	0.724813
60040	0.724813
60042	0.724813
60044	0.724813
60046	0.724813
60048	0.724813
60380	0.724813
60382	0.724813
60384	0.724813
60386	0.724813
60388	0.724813
60390	0.724813
60392	0.724813
60394	0.724813
60396	0.724813
60398	0.724813
60718	0.724813
60720	0.724813
60722	0.724813
60724	0.724813
60726	0.724813
60728	0.724813
60730	0.724813
60732	0.724813
60734	0.724813
60736	0.724813
61062	0.724813
61064	0.724813
61066	0.724813
61068	0.724813
61070	0.724813
61072	0.724813
61074	0.724813
61076	0.724813
61078	0.724813
61080	0.724813
61406	0.724813
61408	0.724813
61410	0.724813
61412	0.724813
61414	0.724813
61416	0.724813
61418	0.724813
61420	0.724813
61422	0.724813
61424	0.724813
61756	0.724813
61758	0.724813
61760	0.724813
61762	0.724813
61764	0.724813
61766	0.724813
61768	0.724813
61770	0.724813
61772	0.724813
61774	0.724813
62082	0.724813
62084	0.724813
62086	0.724813
62088	0.724813
62090	0.724813
62092	0.724813
62094	0.724813
62096	0.724813
62098	0.724813
62100	0.724813
62426	0.724813
62428	0.724813
62430	0.724813
62432	0.724813
62434	0.724813
62436	0.724813
62438	0.724813
62440	0.724813
62442	0.724813
62444	0.724813
62764	0.724813
62766	0.724813
62768	0.724813
62770	0.724813
62772	0.724813
62774	0.724813
62776	0.724813
62778	0.724813
62780	0.724813
62782	0.724813
63102	0.724813
63104	0.724813
63106	0.724813
63108	0.724813
63110	0.724813
63112	0.724813
63114	0.724813
63116	0.724813
63118	0.724813
63120	0.724813
63446	0.724813
63448	0.724813
63450	0.724813
63452	0.724813
63454	0.724813
63456	0.724813
63458	0.724813
63460	0.724813
63462	0.724813
63464	0.724813
63784	0.724813
63786	0.724813
63788	0.724813
63790	0.724813
63792	0.724813
63794	0.724813
63796	0.724813
63798	0.724813
63800	0.724813
63802	0.724813
64134	0.724813
64136	0.724813
64138	0.724813
64140	0.724813
64142	0.724813
64144	0.724813
64146	0.724813
64148	0.724813
64150	0.724813
64152	0.724813
64484	0.724813
64486	0.724813
64488	0.724813
64490	0.724813
64492	0.724813
64494	0.724813
64496	0.724813
64498	0.724813
64500	0.724813
64502	0.724813
64828	0.724813
64830	0.724813
64832	0.724813
64834	0.724813
64836	0.724813
64838	0.724813
64840	0.724813
64842	0.724813
64844	0.724813
64846	0.724813
65172	0.724813
65174	0.724813
65176	0.724813
65178	0.724813
65180	0.724813
65182	0.724813
65184	0.724813
65186	0.724813
65188	0.724813
65190	0.724813
65516	0.724813
65518	0.724813
65520	0.724813
65522	0.724813
65524	0.724813
65526	0.724813
65528	0.724813
65530	0.724813
65532	0.724813
65534	0.724813
65860	0.724813
65862	0.724813
65864	0.724813
65866	0.724813
65868	0.724813
65870	0.724813
65872	0.724813
65874	0.724813
65876	0.724813
65878	0.724813
66210	0.724813
66212	0.724813
66214	0.724813
66216	0.724813
66218	0.724813
66220	0.724813
66222	0.724813
66224	0.724813
66226	0.724813
66228	0.724813
66554	0.724813
66556	0.724813
66558	0.724813
66560	0.724813
66562	0.724813
66564	0.724813
66566	0.724813
66568	0.724813
66570	0.724813
66572	0.724813
66904	0.724813
66906	0.724813
66908	0.724813
66910	0.724813
66912	0.724813
66914	0.724813
66916	0.724813
66918	0.724813
66920	0.724813
66922	0.724813
67248	0.724813
67250	0.724813
67252	0.724813
67254	0.724813
67256	0.724813
67258	0.724813
67260	0.724813
67262	0.724813
67264	0.724813
67266	0.724813
67586	0.724813
67588	0.724813
67590	0.724813
67592	0.724813
67594	0.724813
67596	0.724813
67598	0.724813
67600	0.724813
67602	0.724813
67604	0.724813
67936	0.724813
67938	0.724813
67940	0.724813
67942	0.724813
67944	0.724813
67946	0.724813
67948	0.724813
67950	0.724813
67952	0.724813
67954	0.724813
68274	0.724813
68276	0.724813
68278	0.724813
68280	0.724813
68282	0.724813
68284	0.724813
68286	0.724813
68288	0.724813
68290	0.724813
68292	0.724813
68612	0.724813
68614	0.724813
68616	0.724813
68618	0.724813
68620	0.724813
68622	0.724813
68624	0.724813
68626	0.724813
68628	0.724813
68630	0.724813
68962	0.724813
68964	0.724813
68966	0.724813
68968	0.724813
68970	0.724813
68972	0.724813
68974	0.724813
68976	0.724813
68978	0.724813
68980	0.724813
69288	0.724813
69290	0.724813
69292	0.724813
69294	0.724813
69296	0.724813
69298	0.724813
69300	0.724813
69302	0.724813
69304	0.724813
69306	0.724813
69638	0.724813
69640	0.724813
69642	0.724813
69644	0.724813
69646	0.724813
69648	0.724813
69650	0.724813
69652	0.724813
69654	0.724813
69656	0.724813
69982	0.724813
69984	0.724813
69986	0.724813
69988	0.724813
69990	0.724813
69992	0.724813
69994	0.724813
69996	0.724813
69998	0.724813
70000	0.724813
70326	0.724813
70328	0.724813
70330	0.724813
70332	0.724813
70334	0.724813
70336	0.724813
70338	0.724813
70340	0.724813
70342	0.724813
70344	0.724813
70676	0.724813
70678	0.724813
70680	0.724813
70682	0.724813
70684	0.724813
70686	0.724813
70688	0.724813
70690	0.724813
70692	0.724813
70694	0.724813
71020	0.724813
71022	0.724813
71024	0.724813
71026	0.724813
71028	0.724813
71030	0.724813
71032	0.724813
71034	0.724813
71036	0.724813
71038	0.724813
71370	0.724813
71372	0.724813
71374	0.724813
71376	0.724813
71378	0.724813
71380	0.724813
71382	0.724813
71384	0.724813
71386	0.724813
71388	0.724813
71720	0.724813
71722	0.724813
71724	0.724813
71726	0.724813
71728	0.724813
71730	0.724813
71732	0.724813
71734	0.724813
71736	0.724813
71738	0.724813
72046	0.724813
72048	0.724813
72050	0.724813
72052	0.724813
72054	0.724813
72056	0.724813
72058	0.724813
72060	0.724813
72062	0.724813
72064	0.724813
72396	0.724813
72398	0.724813
72400	0.724813
72402	0.724813
72404	0.724813
72406	0.724813
72408	0.724813
72410	0.724813
72412	0.724813
72414	0.724813
72746	0.724813
72748	0.724813
72750	0.724813
72752	0.724813
72754	0.724813
72756	0.724813
72758	0.724813
72760	0.724813
72762	0.724813
72764	0.724813
73096	0.724813
73098	0.724813
73100	0.724813
73102	0.724813
73104	0.724813
73106	0.724813
73108	0.724813
73110	0.724813
73112	0.724813
73114	0.724813
73446	0.724813
73448	0.724813
73450	0.724813
73452	0.724813
73454	0.724813
73456	0.724813
73458	0.724813
73460	0.724813
73462	0.724813
73464	0.724813
73790	0.724813
73792	0.724813
73794	0.724813
73796	0.724813
73798	0.724813
73800	0.724813
73802	0.724813
73804	0.724813
73806	0.724813
73808	0.724813
74134	0.724813
74136	0.724813
74138	0.724813
74140	0.724813
74142	0.724813
74144	0.724813
74146	0.724813
74148	0.724813
74150	0.724813
74152	0.724813
74478	0.724813
74480	0.724813
74482	0.724813
74484	0.724813
74486	0.724813
74488	0.724813
74490	0.724813
74492	0.724813
74494	0.724813
74496	0.724813
74822	0.724813
74824	0.724813
74826	0.724813
74828	0.724813
74830	0.724813
74832	0.724813
74834	0.724813
74836	0.724813
74838	0.724813
74840	0.724813
75160	0.724813
75162	0.724813
75164	0.724813
75166	0.724813
75168	0.724813
75170	0.724813
75172	0.724813
75174	0.724813
75176	0.724813
75178	0.724813
75504	0.724813
75506	0.724813
75508	0.724813
75510	0.724813
75512	0.724813
75514	0.724813
75516	0.724813
75518	0.724813
75520	0.724813
75522	0.724813
75854	0.724813
75856	0.724813
75858	0.724813
75860	0.724813
75862	0.724813
75864	0.724813
75866	0.724813
75868	0.724813
75870	0.724813
75872	0.724813
76198	0.724813
76200	0.724813
76202	0.724813
76204	0.724813
76206	0.724813
76208	0.724813
76210	0.724813
76212	0.724813
76214	0.724813
76216	0.724813
76548	0.724813
76550	0.724813
76552	0.724813
76554	0.724813
76556	0.724813
76558	0.724813
76560	0.724813
76562	0.724813
76564	0.724813
76566	0.724813
76892	0.724813
76894	0.724813
76896	0.724813
76898	0.724813
76900	0.724813
76902	0.724813
76904	0.724813
76906	0.724813
76908	0.724813
76910	0.724813
77236	0.724813
77238	0.724813
77240	0.724813
77242	0.724813
77244	0.724813
77246	0.724813
77248	0.724813
77250	0.724813
77252	0.724813
77254	0.724813
77580	0.724813
77582	0.724813
77584	0.724813
77586	0.724813
77588	0.724813
77590	0.724813
77592	0.724813
77594	0.724813
77596	0.724813
77598	0.724813
77918	0.724813
77920	0.724813
77922	0.724813
77924	0.724813
77926	0.724813
77928	0.724813
77930	0.724813
77932	0.724813
77934	0.724813
77936	0.724813
78250	0.724813
78252	0.724813
78254	0.724813
78256	0.724813
78258	0.724813
78260	0.724813
78262	0.724813
78264	0.724813
78266	0.724813
78268	0.724813
78600	0.724813
78602	0.724813
78604	0.724813
78606	0.724813
78608	0.724813
78610	0.724813
78612	0.724813
78614	0.724813
78616	0.724813
78618	0.724813
78944	0.724813
78946	0.724813
78948	0.724813
78950	0.724813
78952	0.724813
78954	0.724813
78956	0.724813
78958	0.724813
78960	0.724813
78962	0.724813
79276	0.724813
79278	0.724813
79280	0.724813
79282	0.724813
79284	0.724813
79286	0.724813
79288	0.724813
79290	0.724813
79292	0.724813
79294	0.724813
79626	0.724813
79628	0.724813
79630	0.724813
79632	0.724813
79634	0.724813
79636	0.724813
79638	0.724813
79640	0.724813
79642	0.724813
79644	0.724813
79964	0.724813
79966	0.724813
79968	0.724813
79970	0.724813
79972	0.724813
79974	0.724813
79976	0.724813
79978	0.724813
79980	0.724813
79982	0.724813
80308	0.724813
80310	0.724813
80312	0.724813
80314	0.724813
80316	0.724813
80318	0.724813
80320	0.724813
80322	0.724813
80324	0.724813
80326	0.724813
80658	0.724813
80660	0.724813
80662	0.724813
80664	0.724813
80666	0.724813
80668	0.724813
80670	0.724813
80672	0.724813
80674	0.724813
80676	0.724813
80996	0.724813
80998	0.724813
81000	0.724813
81002	0.724813
81004	0.724813
81006	0.724813
81008	0.724813
81010	0.724813
81012	0.724813
81014	0.724813
81334	0.724813
81336	0.724813
81338	0.724813
81340	0.724813
81342	0.724813
81344	0.724813
81346	0.724813
81348	0.724813
81350	0.724813
81352	0.724813
81678	0.724813
81680	0.724813
81682	0.724813
81684	0.724813
81686	0.724813
81688	0.724813
81690	0.724813
81692	0.724813
81694	0.724813
81696	0.724813
82010	0.724813
82012	0.724813
82014	0.724813
82016	0.724813
82018	0.724813
82020	0.724813
82022	0.724813
82024	0.724813
82026	0.724813
82028	0.724813
82354	0.724813
82356	0.724813
82358	0.724813
82360	0.724813
82362	0.724813
82364	0.724813
82366	0.724813
82368	0.724813
82370	0.724813
82372	0.724813
82704	0.724813
82706	0.724813
82708	0.724813
82710	0.724813
82712	0.724813
82714	0.724813
82716	0.724813
82718	0.724813
82720	0.724813
82722	0.724813
83048	0.724813
83050	0.724813
83052	0.724813
83054	0.724813
83056	0.724813
83058	0.724813
83060	0.724813
83062	0.724813
83064	0.724813
83066	0.724813
83398	0.724813
83400	0.724813
83402	0.724813
83404	0.724813
83406	0.724813
83408	0.724813
83410	0.724813
83412	0.724813
83414	0.724813
83416	0.724813
83736	0.724813
83738	0.724813
83740	0.724813
83742	0.724813
83744	0.724813
83746	0.724813
83748	0.724813
83750	0.724813
83752	0.724813
83754	0.724813
84068	0.724813
84070	0.724813
84072	0.724813
84074	0.724813
84076	0.724813
84078	0.724813
84080	0.724813
84082	0.724813
84084	0.724813
84086	0.724813
84412	0.724813
84414	0.724813
84416	0.724813
84418	0.724813
84420	0.724813
84422	0.724813
84424	0.724813
84426	0.724813
84428	0.724813
84430	0.724813
84756	0.724813
84758	0.724813
84760	0.724813
84762	0.724813
84764	0.724813
84766	0.724813
84768	0.724813
84770	0.724813
84772	0.724813
84774	0.724813
85106	0.724813
85108	0.724813
85110	0.724813
85112	0.724813
85114	0.724813
85116	0.724813
85118	0.724813
85120	0.724813
85122	0.724813
85124	0.724813
85444	0.724813
85446	0.724813
85448	0.724813
85450	0.724813
85452	0.724813
85454	0.724813
85456	0.724813
85458	0.724813
85460	0.724813
85462	0.724813
85794	0.724813
85796	0.724813
85798	0.724813
85800	0.724813
85802	0.724813
85804	0.724813
85806	0.724813
85808	0.724813
85810	0.724813
85812	0.724813
86126	0.724813
86128	0.724813
86130	0.724813
86132	0.724813
86134	0.724813
86136	0.724813
86138	0.724813
86140	0.724813
86142	0.724813
86144	0.724813
86470	0.724813
86472	0.724813
86474	0.724813
86476	0.724813
86478	0.724813
86480	0.724813
86482	0.724813
86484	0.724813
86486	0.724813
86488	0.724813
86814	0.724813
86816	0.724813
86818	0.724813
86820	0.724813
86822	0.724813
86824	0.724813
86826	0.724813
86828	0.724813
86830	0.724813
86832	0.724813
87152	0.724813
87154	0.724813
87156	0.724813
87158	0.724813
87160	0.724813
87162	0.724813
87164	0.724813
87166	0.724813
87168	0.724813
87170	0.724813
87502	0.724813
87504	0.724813
87506	0.724813
87508	0.724813
87510	0.724813
87512	0.724813
87514	0.724813
87516	0.724813
87518	0.724813
87520	0.724813
87852	0.724813
87854	0.724813
87856	0.724813
87858	0.724813
87860	0.724813
87862	0.724813
87864	0.724813
87866	0.724813
87868	0.724813
87870	0.724813
88190	0.724813
88192	0.724813
88194	0.724813
88196	0.724813
88198	0.724813
88200	0.724813
88202	0.724813
88204	0.724813
88206	0.724813
88208	0.724813
88522	0.724813
88524	0.724813
88526	0.724813
88528	0.724813
88530	0.724813
88532	0.724813
88534	0.724813
88536	0.724813
88538	0.724813
88540	0.724813
88866	0.724813
88868	0.724813
88870	0.724813
88872	0.724813
88874	0.724813
88876	0.724813
88878	0.724813
88880	0.724813
88882	0.724813
88884	0.724813
89210	0.724813
89212	0.724813
89214	0.724813
89216	0.724813
89218	0.724813
89220	0.724813
89222	0.724813
89224	0.724813
89226	0.724813
89228	0.724813
89554	0.724813
89556	0.724813
89558	0.724813
89560	0.724813
89562	0.724813
89564	0.724813
89566	0.724813
89568	0.724813
89570	0.724813
89572	0.724813
89886	0.724813
89888	0.724813
89890	0.724813
89892	0.724813
89894	0.724813
89896	0.724813
89898	0.724813
89900	0.724813
89902	0.724813
89904	0.724813
90230	0.724813
90232	0.724813
90234	0.724813
90236	0.724813
90238	0.724813
90240	0.724813
90242	0.724813
90244	0.724813
90246	0.724813
90248	0.724813
90568	0.724813
90570	0.724813
90572	0.724813
90574	0.724813
90576	0.724813
90578	0.724813
90580	0.724813
90582	0.724813
90584	0.724813
90586	0.724813
90918	0.724813
90920	0.724813
90922	0.724813
90924	0.724813
90926	0.724813
90928	0.724813
90930	0.724813
90932	0.724813
90934	0.724813
90936	0.724813
91268	0.724813
91270	0.724813
91272	0.724813
91274	0.724813
91276	0.724813
91278	0.724813
91280	0.724813
91282	0.724813
91284	0.724813
91286	0.724813
91612	0.724813
91614	0.724813
91616	0.724813
91618	0.724813
91620	0.724813
91622	0.724813
91624	0.724813
91626	0.724813
91628	0.724813
91630	0.724813
91950	0.724813
91952	0.724813
91954	0.724813
91956	0.724813
91958	0.724813
91960	0.724813
91962	0.724813
91964	0.724813
91966	0.724813
91968	0.724813
92294	0.724813
92296	0.724813
92298	0.724813
92300	0.724813
92302	0.724813
92304	0.724813
92306	0.724813
92308	0.724813
92310	0.724813
92312	0.724813
92638	0.724813
92640	0.724813
92642	0.724813
92644	0.724813
92646	0.724813
92648	0.724813
92650	0.724813
92652	0.724813
92654	0.724813
92656	0.724813
92988	0.724813
92990	0.724813
92992	0.724813
92994	0.724813
92996	0.724813
92998	0.724813
93000	0.724813
93002	0.724813
93004	0.724813
93006	0.724813
93332	0.724813
93334	0.724813
93336	0.724813
93338	0.724813
93340	0.724813
93342	0.724813
93344	0.724813
93346	0.724813
93348	0.724813
93350	0.724813
93664	0.724813
93666	0.724813
93668	0.724813
93670	0.724813
93672	0.724813
93674	0.724813
93676	0.724813
93678	0.724813
93680	0.724813
93682	0.724813
94014	0.724813
94016	0.724813
94018	0.724813
94020	0.724813
94022	0.724813
94024	0.724813
94026	0.724813
94028	0.724813
94030	0.724813
94032	0.724813
94358	0.724813
94360	0.724813
94362	0.724813
94364	0.724813
94366	0.724813
94368	0.724813
94370	0.724813
94372	0.724813
94374	0.724813
94376	0.724813
94708	0.724813
94710	0.724813
94712	0.724813
94714	0.724813
94716	0.724813
94718	0.724813
94720	0.724813
94722	0.724813
94724	0.724813
94726	0.724813
95052	0.724813
95054	0.724813
95056	0.724813
95058	0.724813
95060	0.724813
95062	0.724813
95064	0.724813
95066	0.724813
95068	0.724813
95070	0.724813
95384	0.724813
95386	0.724813
95388	0.724813
95390	0.724813
95392	0.724813
95394	0.724813
95396	0.724813
95398	0.724813
95400	0.724813
95402	0.724813
95728	0.724813
95730	0.724813
95732	0.724813
95734	0.724813
95736	0.724813
95738	0.724813
95740	0.724813
95742	0.724813
95744	0.724813
95746	0.724813
96078	0.724813
96080	0.724813
96082	0.724813
96084	0.724813
96086	0.724813
96088	0.724813
96090	0.724813
96092	0.724813
96094	0.724813
96096	0.724813
96428	0.724813
96430	0.724813
96432	0.724813
96434	0.724813
96436	0.724813
96438	0.724813
96440	0.724813
96442	0.724813
96444	0.724813
96446	0.724813
96766	0.724813
96768	0.724813
96770	0.724813
96772	0.724813
96774	0.724813
96776	0.724813
96778	0.724813
96780	0.724813
96782	0.724813
96784	0.724813
97110	0.724813
97112	0.724813
97114	0.724813
97116	0.724813
97118	0.724813
97120	0.724813
97122	0.724813
97124	0.724813
97126	0.724813
97128	0.724813
97460	0.724813
97462	0.724813
97464	0.724813
97466	0.724813
97468	0.724813
97470	0.724813
97472	0.724813
97474	0.724813
97476	0.724813
97478	0.724813
97810	0.724813
97812	0.724813
97814	0.724813
97816	0.724813
97818	0.724813
97820	0.724813
97822	0.724813
97824	0.724813
97826	0.724813
97828	0.724813
98160	0.724813
98162	0.724813
98164	0.724813
98166	0.724813
98168	0.724813
98170	0.724813
98172	0.724813
98174	0.724813
98176	0.724813
98178	0.724813
98504	0.724813
98506	0.724813
98508	0.724813
98510	0.724813
98512	0.724813
98514	0.724813
98516	0.724813
98518	0.724813
98520	0.724813
98522	0.724813
98842	0.724813
98844	0.724813
98846	0.724813
98848	0.724813
98850	0.724813
98852	0.724813
98854	0.724813
98856	0.724813
98858	0.724813
98860	0.724813
99192	0.724813
99194	0.724813
99196	0.724813
99198	0.724813
99200	0.724813
99202	0.724813
99204	0.724813
99206	0.724813
99208	0.724813
99210	0.724813
99524	0.724813
99526	0.724813
99528	0.724813
99530	0.724813
99532	0.724813
99534	0.724813
99536	0.724813
99538	0.724813
99540	0.724813
99542	0.724813
99862	0.724813
99864	0.724813
99866	0.724813
99868	0.724813
99870	0.724813
99872	0.724813
99874	0.724813
99876	0.724813
99878	0.724813
99880	0.724813
100200	0.724813
AM_1_1	13	0.617818	0.724813	8.7199	860681
0	2.68659
2	2.68659
4	2.68659
6	2.68659
8	2.68659
10	2.68659
12	2.68659
14	2.68659
16	2.68659
1266	2.68659
1268	2.12824
1270	2.12824
1272	2.12824
1274	2.12824
1276	2.12824
1278	2.12824
1280	2.12824
1282	2.12824
1284	2.12824
1970	2.12824
1972	1.92249
1974	1.92249
1976	1.92249
1978	1.92249
1980	1.92249
1982	1.92249
1984	1.92249
1986	1.92249
1988	1.92249
2512	1.92249
2514	1.79092
2516	1.79092
2518	1.79092
2520	1.79092
2522	1.79092
2524	1.79092
2526	1.79092
2528	1.79092
2530	1.79092
3048	1.79092
3050	1.7578
3052	1.7578
3054	1.7578
3056	1.7578
3058	1.7578
3060	1.7578
3062	1.7578
3064	1.7578
3066	1.7578
3512	1.7578
3514	1.54236
3516	1.54236
3518	1.54236
3520	1.54236
3522	1.54236
3524	1.54236
3526	1.54236
3528	1.54236
3530	1.54236
3988	1.54236
3990	1.47112
3992	1.47112
3994	1.47112
3996	1.47112
3998	1.47112
4000	1.47112
4002	1.47112
4004	1.47112
4006	1.47112
4446	1.47112
4448	1.42981
4450	1.42981
4452	1.42981
4454	1.42981
4456	1.42981
4458	1.42981
4460	1.42981
4462	1.42981
4464	1.42981
4934	1.42981
4936	1.31386
4938	1.31386
4940	1.31386
4942	1.31386
4944	1.31386
4946	1.31386
4948	1.31386
4950	1.31386
4952	1.31386
5374	1.31386
5376	1.31085
5378	1.31085
5380	1.31085
5382	1.31085
5384	1.31085
5386	1.31085
5388	1.31085
5390	1.31085
5392	1.31085
5754	1.31085
5756	1.23064
5758	1.23064
5760	1.23064
5762	1.23064
5764	1.23064
5766	1.23064
5768	1.23064
5770	1.23064
5772	1.23064
6164	1.23064
6166	1.20464
6168	1.20464
6170	1.20464
6172	1.20464
6174	1.20464
6176	1.20464
6178	1.20464
6180	1.20464
6182	1.20464
6568	1.20464
6570	1.18935
6572	1.18935
6574	1.18935
6576	1.18935
6578	1.18935
6580	1.18935
6582	1.18935
6584	1.18935
6586	1.18935
6954	1.18935
6956	1.16401
6958	1.16401
6960	1.16401
6962	1.16401
6964	1.16401
6966	1.16401
6968	1.16401
6970	1.16401
6972	1.16401
7310	1.16401
7312	1.16055
7314	1.16055
7316	1.16055
7318	1.16055
7320	1.16055
7322	1.16055
7324	1.16055
7326	1.16055
7328	1.16055
7696	1.16055
7698	1.02936
7700	1.02936
7702	1.02936
7704	1.02936
7706	1.02936
7708	1.02936
7710	1.02936
7712	1.02936
7714	1.02936
8100	1.02936
8102	1.02162
8104	1.02162
8106	1.02162
8108	1.02162
8110	1.02162
8112	1.02162
8114	1.02162
8116	1.02162
8118	1.02162
8492	1.02162
8494	0.948578
8496	0.948578
8498	0.948578
8500	0.948578
8502	0.948578
8504	0.948578
8506	0.948578
8508	0.948578
8510	0.948578
8878	0.948578
8880	0.918111
8882	0.918111
8884	0.918111
8886	0.918111
8888	0.918111
8890	0.918111
8892	0.918111
8894	0.918111
8896	0.918111
9246	0.918111
9248	0.917404
9250	0.917404
9252	0.917404
9254	0.882675
9256	0.882675
9258	0.882675
9260	0.882675
9262	0.882675
9264	0.882675
9608	0.882675
9610	0.869336
9612	0.869336
9614	0.869336
9616	0.869336
9618	0.869336
9620	0.869336
9622	0.869336
9624	0.869336
9626	0.869336
9970	0.869336
9972	0.861575
9974	0.861575
9976	0.861575
9978	0.861575
9980	0.848673
9982	0.848673
9984	0.848673
9986	0.848673
9988	0.848673
10350	0.848673
10352	0.835762
10354	0.835762
10356	0.835762
10358	0.835762
10360	0.835762
10362	0.835762
10364	0.835762
10366	0.835762
10368	0.835762
10688	0.835762
10690	0.835762
10692	0.835762
10694	0.835762
10696	0.835762
10698	0.835762
10700	0.835762
10702	0.835762
10704	0.835762
10706	0.835762
11044	0.835762
11046	0.835762
11048	0.835762
11050	0.835762
11052	0.835762
11054	0.835762
11056	0.835762
11058	0.835762
11060	0.835762
11062	0.831115
11448	0.831115
11450	0.793651
11452	0.793651
11454	0.793651
11456	0.793651
11458	0.793651
11460	0.793651
11462	0.793651
11464	0.793651
11466	0.793651
11834	0.793651
11836	0.793651
11838	0.793651
11840	0.793651
11842	0.793651
11844	0.793651
11846	0.793651
11848	0.793651
11850	0.793651
11852	0.793651
12196	0.793651
12198	0.781403
12200	0.781403
12202	0.781403
12204	0.781403
12206	0.781403
12208	0.781403
12210	0.781403
12212	0.781403
12214	0.781403
12546	0.781403
12548	0.781403
12550	0.781403
12552	0.781403
12554	0.781403
12556	0.781403
12558	0.781403
12560	0.781403
12562	0.781403
12564	0.781403
12890	0.781403
12892	0.781403
12894	0.781403
12896	0.781403
12898	0.781403
12900	0.781403
12902	0.781403
12904	0.781403
12906	0.781403
12908	0.781403
13258	0.781403
13260	0.780105
13262	0.780105
13264	0.780105
13266	0.780105
13268	0.780105
13270	0.780105
13272	0.780105
13274	0.780105
13276	0.780105
13596	0.780105
13598	0.780105
13600	0.780105
13602	0.780105
13604	0.780105
13606	0.780105
13608	0.780105
13610	0.780105
13612	0.780105
13614	0.780105
13946	0.780105
13948	0.775994
13950	0.775994
13952	0.775994
13954	0.775994
13956	0.775994
13958	0.775994
13960	0.775994
13962	0.775994
13964	0.775994
14290	0.775994
14292	0.775994
14294	0.775994
14296	0.775994
14298	0.775994
14300	0.775994
14302	0.775994
14304	0.775994
14306	0.775994
14308	0.775994
14622	0.775994
14624	0.775041
14626	0.775041
14628	0.775041
14630	0.765704
14632	0.765704
14634	0.765704
14636	0.765704
14638	0.765704
14640	0.765704
14996	0.765704
14998	0.755651
15000	0.755651
15002	0.755651
15004	0.755651
15006	0.755651
15008	0.755651
15010	0.755651
15012	0.755651
15014	0.755651
15352	0.755651
15354	0.755651
15356	0.755651
15358	0.755651
15360	0.755651
15362	0.755651
15364	0.755651
15366	0.755651
15368	0.755651
15370	0.755651
15696	0.755651
15698	0.755651
15700	0.755651
15702	0.755651
15704	0.755651
15706	0.755651
15708	0.755651
15710	0.755651
15712	0.755651
15714	0.755651
16034	0.755651
16036	0.755651
16038	0.755651
16040	0.755651
16042	0.755651
16044	0.755651
16046	0.755651
16048	0.755651
16050	0.755651
16052	0.755651
16372	0.755651
16374	0.751015
16376	0.751015
16378	0.751015
16380	0.751015
16382	0.751015
16384	0.751015
16386	0.751015
16388	0.751015
16390	0.751015
16710	0.751015
16712	0.751015
16714	0.751015
16716	0.751015
16718	0.751015
16720	0.751015
16722	0.751015
16724	0.751015
16726	0.751015
16728	0.751015
17066	0.751015
17068	0.7476
17070	0.7476
17072	0.7476
17074	0.7476
17076	0.7476
17078	0.7476
17080	0.7476
17082	0.7476
17084	0.7476
17422	0.7476
17424	0.742494
17426	0.742494
17428	0.742494
17430	0.742494
17432	0.742494
17434	0.742494
17436	0.742494
17438	0.742494
17440	0.742494
17766	0.742494
17768	0.737146
17770	0.737146
17772	0.737146
17774	0.737146
17776	0.737146
17778	0.737146
17780	0.737146
17782	0.737146
17784	0.737146
18122	0.737146
18124	0.712074
18126	0.712074
18128	0.712074
18130	0.712074
18132	0.712074
18134	0.712074
18136	0.712074
18138	0.712074
18140	0.712074
18472	0.712074
18474	0.69097
18476	0.69097
18478	0.69097
18480	0.69097
18482	0.69097
18484	0.69097
18486	0.69097
18488	0.69097
18490	0.69097
18822	0.69097
18824	0.69097
18826	0.69097
18828	0.69097
18830	0.69097
18832	0.69097
18834	0.69097
18836	0.69097
18838	0.69097
18840	0.69097
19172	0.69097
19174	0.69097
19176	0.69097
19178	0.69097
19180	0.69097
19182	0.69097
19184	0.69097
19186	0.69097
19188	0.69097
19190	0.69097
19516	0.69097
19518	0.69097
19520	0.69097
19522	0.69097
19524	0.69097
19526	0.69097
19528	0.69097
19530	0.69097
19532	0.69097
19534	0.69097
19866	0.69097
19868	0.69097
19870	0.69097
19872	0.69097
19874	0.69097
19876	0.69097
19878	0.69097
19880	0.69097
19882	0.69097
19884	0.69097
20210	0.69097
20212	0.69097
20214	0.69097
20216	0.69097
20218	0.69097
20220	0.69097
20222	0.69097
20224	0.69097
20226	0.69097
20228	0.69097
20548	0.69097
20550	0.69097
20552	0.69097
20554	0.69097
20556	0.69097
20558	0.69097
20560	0.69097
20562	0.69097
20564	0.69097
20566	0.69097
20886	0.69097
20888	0.69097
20890	0.69097
20892	0.69097
20894	0.69097
20896	0.69097
20898	0.69097
20900	0.69097
20902	0.69097
20904	0.69097
21230	0.69097
21232	0.69097
21234	0.69097
21236	0.69097
21238	0.69097
21240	0.69097
21242	0.69097
21244	0.69097
21246	0.69097
21248	0.69097
21556	0.69097
21558	0.69097
21560	0.69097
21562	0.69097
21564	0.69097
21566	0.69097
21568	0.69097
21570	0.69097
21572	0.69097
21574	0.69097
21900	0.69097
21902	0.69097
21904	0.69097
21906	0.69097
21908	0.69097
21910	0.69097
21912	0.69097
21914	0.69097
21916	0.69097
21918	0.69097
22244	0.69097
22246	0.69097
22248	0.69097
22250	0.69097
22252	0.69097
22254	0.69097
22256	0.69097
22258	0.69097
22260	0.69097
22262	0.69097
22588	0.69097
22590	0.69097
22592	0.69097
22594	0.69097
22596	0.69097
22598	0.69097
22600	0.69097
22602	0.69097
22604	0.69097
22606	0.69097
22932	0.69097
22934	0.69097
22936	0.69097
22938	0.69097
22940	0.69097
22942	0.69097
22944	0.69097
22946	0.69097
22948	0.69097
22950	0.69097
23270	0.69097
23272	0.69097
23274	0.69097
23276	0.69097
23278	0.69097
23280	0.69097
23282	0.69097
23284	0.69097
23286	0.69097
23288	0.69097
23602	0.69097
23604	0.69097
23606	0.69097
23608	0.69097
23610	0.69097
23612	0.69097
23614	0.69097
23616	0.69097
23618	0.69097
23620	0.69097
23934	0.69097
23936	0.69097
23938	0.69097
23940	0.69097
23942	0.69097
23944	0.69097
23946	0.69097
23948	0.69097
23950	0.69097
23952	0.69097
24278	0.69097
24280	0.69097
24282	0.69097
24284	0.69097
24286	0.69097
24288	0.69097
24290	0.69097
24292	0.69097
24294	0.69097
24296	0.69097
24628	0.69097
24630	0.69097
24632	0.69097
24634	0.69097
24636	0.69097
24638	0.69097
24640	0.69097
24642	0.69097
24644	0.69097
24646	0.69097
24960	0.69097
24962	0.69097
24964	0.69097
24966	0.69097
24968	0.69097
24970	0.69097
24972	0.69097
24974	0.69097
24976	0.69097
24978	0.69097
25298	0.69097
25300	0.69097
25302	0.69097
25304	0.69097
25306	0.69097
25308	0.69097
25310	0.69097
25312	0.69097
25314	0.69097
25316	0.69097
25648	0.69097
25650	0.69097
25652	0.69097
25654	0.69097
25656	0.69097
25658	0.69097
25660	0.69097
25662	0.69097
25664	0.69097
25666	0.69097
25998	0.69097
26000	0.69097
26002	0.69097
26004	0.69097
26006	0.69097
26008	0.69097
26010	0.69097
26012	0.69097
26014	0.69097
26016	0.69097
26336	0.69097
26338	0.69097
26340	0.69097
26342	0.69097
26344	0.69097
26346	0.69097
26348	0.69097
26350	0.69097
26352	0.69097
26354	0.69097
26680	0.69097
26682	0.69097
26684	0.69097
26686	0.69097
26688	0.69097
26690	0.69097
26692	0.69097
26694	0.69097
26696	0.69097
26698	0.69097
27018	0.69097
27020	0.69097
27022	0.69097
27024	0.69097
27026	0.69097
27028	0.69097
27030	0.69097
27032	0.69097
27034	0.69097
27036	0.69097
27362	0.69097
27364	0.69097
27366	0.69097
27368	0.69097
27370	0.69097
27372	0.69097
27374	0.69097
27376	0.69097
27378	0.69097
27380	0.69097
27700	0.69097
27702	0.69097
27704	0.69097
27706	0.69097
27708	0.69097
27710	0.69097
27712	0.69097
27714	0.69097
27716	0.69097
27718	0.69097
28032	0.69097
28034	0.69097
28036	0.69097
28038	0.69097
28040	0.69097
28042	0.69097
28044	0.69097
28046	0.69097
28048	0.69097
28050	0.69097
28370	0.69097
28372	0.69097
28374	0.69097
28376	0.69097
28378	0.69097
28380	0.69097
28382	0.69097
28384	0.69097
28386	0.69097
28388	0.69097
28708	0.69097
28710	0.69097
28712	0.69097
28714	0.69097
28716	0.69097
28718	0.69097
28720	0.69097
28722	0.69097
28724	0.69097
28726	0.69097
29052	0.69097
29054	0.69097
29056	0.69097
29058	0.69097
29060	0.69097
29062	0.69097
29064	0.69097
29066	0.69097
29068	0.69097
29070	0.69097
29402	0.69097
29404	0.69097
29406	0.69097
29408	0.69097
29410	0.69097
29412	0.69097
29414	0.69097
29416	0.69097
29418	0.69097
29420	0.69097
29752	0.69097
29754	0.69097
29756	0.69097
29758	0.69097
29760	0.69097
29762	0.69097
29764	0.69097
29766	0.69097
29768	0.69097
29770	0.69097
30096	0.69097
30098	0.69097
30100	0.69097
30102	0.69097
30104	0.69097
30106	0.69097
30108	0.69097
30110	0.69097
30112	0.69097
30114	0.69097
30428	0.69097
30430	0.69097
30432	0.69097
30434	0.69097
30436	0.69097
30438	0.69097
30440	0.69097
30442	0.69097
30444	0.69097
30446	0.69097
30772	0.69097
30774	0.69097
30776	0.69097
30778	0.69097
30780	0.69097
30782	0.69097
30784	0.69097
30786	0.69097
30788	0.69097
30790	0.69097
31122	0.69097
31124	0.69097
31126	0.69097
31128	0.69097
31130	0.69097
31132	0.69097
31134	0.69097
31136	0.69097
31138	0.69097
31140	0.69097
31472	0.69097
31474	0.69097
31476	0.69097
31478	0.69097
31480	0.69097
31482	0.69097
31484	0.69097
31486	0.69097
31488	0.69097
31490	0.69097
31810	0.69097
31812	0.69097
31814	0.69097
31816	0.69097
31818	0.69097
31820	0.69097
31822	0.69097
31824	0.69097
31826	0.69097
31828	0.69097
32154	0.69097
32156	0.69097
32158	0.69097
32160	0.69097
32162	0.69097
32164	0.69097
32166	0.69097
32168	0.69097
32170	0.69097
32172	0.69097
32504	0.69097
32506	0.69097
32508	0.69097
32510	0.69097
32512	0.69097
32514	0.69097
32516	0.69097
32518	0.69097
32520	0.69097
32522	0.69097
32848	0.69097
32850	0.69097
32852	0.69097
32854	0.69097
32856	0.69097
32858	0.69097
32860	0.69097
32862	0.69097
32864	0.69097
32866	0.69097
33186	0.69097
33188	0.69097
33190	0.69097
33192	0.69097
33194	0.69097
33196	0.69097
33198	0.69097
33200	0.69097
33202	0.69097
33204	0.69097
33524	0.69097
33526	0.69097
33528	0.69097
33530	0.69097
33532	0.69097
33534	0.69097
33536	0.69097
33538	0.69097
33540	0.69097
33542	0.69097
33868	0.69097
33870	0.69097
33872	0.69097
33874	0.69097
33876	0.69097
33878	0.69097
33880	0.69097
33882	0.69097
33884	0.69097
33886	0.69097
34206	0.69097
34208	0.69097
34210	0.69097
34212	0.69097
34214	0.69097
34216	0.69097
34218	0.69097
34220	0.69097
34222	0.69097
34224	0.69097
34550	0.69097
34552	0.69097
34554	0.69097
34556	0.69097
34558	0.69097
34560	0.69097
34562	0.69097
34564	0.69097
34566	0.69097
34568	0.69097
34894	0.69097
34896	0.69097
34898	0.69097
34900	0.69097
34902	0.69097
34904	0.69097
34906	0.69097
34908	0.69097
34910	0.69097
34912	0.69097
35238	0.69097
35240	0.69097
35242	0.69097
35244	0.69097
35246	0.69097
35248	0.69097
35250	0.69097
35252	0.69097
35254	0.69097
35256	0.69097
35582	0.69097
35584	0.69097
35586	0.69097
35588	0.69097
35590	0.69097
35592	0.69097
35594	0.69097
35596	0.69097
35598	0.69097
35600	0.69097
35926	0.69097
35928	0.69097
35930	0.69097
35932	0.69097
35934	0.69097
35936	0.69097
35938	0.69097
35940	0.69097
35942	0.69097
35944	0.69097
36276	0.69097
36278	0.69097
36280	0.69097
36282	0.69097
36284	0.69097
36286	0.69097
36288	0.69097
36290	0.69097
36292	0.69097
36294	0.69097
36620	0.69097
36622	0.69097
36624	0.69097
36626	0.69097
36628	0.69097
36630	0.69097
36632	0.69097
36634	0.69097
36636	0.69097
36638	0.69097
36952	0.69097
36954	0.69097
36956	0.69097
36958	0.69097
36960	0.69097
36962	0.69097
36964	0.69097
36966	0.69097
36968	0.69097
36970	0.69097
37296	0.69097
37298	0.69097
37300	0.69097
37302	0.69097
37304	0.69097
37306	0.69097
37308	0.69097
37310	0.69097
37312	0.69097
37314	0.69097
37646	0.69097
37648	0.69097
37650	0.69097
37652	0.69097
37654	0.69097
37656	0.69097
37658	0.69097
37660	0.69097
37662	0.69097
37664	0.69097
37984	0.69097
37986	0.69097
37988	0.69097
37990	0.69097
37992	0.69097
37994	0.69097
37996	0.69097
37998	0.69097
38000	0.69097
38002	0.69097
38328	0.69097
38330	0.69097
38332	0.69097
38334	0.69097
38336	0.69097
38338	0.69097
38340	0.69097
38342	0.69097
38344	0.69097
38346	0.69097
38678	0.69097
38680	0.69097
38682	0.69097
38684	0.69097
38686	0.69097
38688	0.69097
38690	0.69097
38692	0.69097
38694	0.69097
38696	0.69097
39022	0.69097
39024	0.69097
39026	0.69097
39028	0.69097
39030	0.69097
39032	0.69097
39034	0.69097
39036	0.69097
39038	0.69097
39040	0.69097
39354	0.69097
39356	0.69097
39358	0.69097
39360	0.69097
39362	0.69097
39364	0.69097
39366	0.69097
39368	0.69097
39370	0.69097
39372	0.69097
39686	0.69097
39688	0.69097
39690	0.69097
39692	0.69097
39694	0.69097
39696	0.69097
39698	0.69097
39700	0.69097
39702	0.69097
39704	0.69097
40018	0.69097
40020	0.69097
40022	0.69097
40024	0.69097
40026	0.69097
40028	0.69097
40030	0.69097
40032	0.69097
40034	0.69097
40036	0.69097
40344	0.69097
40346	0.69097
40348	0.69097
40350	0.69097
40352	0.69097
40354	0.69097
40356	0.69097
40358	0.69097
40360	0.69097
40362	0.69097
40682	0.69097
40684	0.69097
40686	0.69097
40688	0.69097
40690	0.69097
40692	0.69097
40694	0.69097
40696	0.69097
40698	0.69097
40700	0.69097
41026	0.69097
41028	0.69097
41030	0.69097
41032	0.69097
41034	0.69097
41036	0.69097
41038	0.69097
41040	0.69097
41042	0.69097
41044	0.69097
41358	0.69097
41360	0.69097
41362	0.69097
41364	0.69097
41366	0.69097
41368	0.69097
41370	0.69097
41372	0.69097
41374	0.69097
41376	0.69097
41708	0.69097
41710	0.69097
41712	0.69097
41714	0.69097
41716	0.69097
41718	0.69097
41720	0.69097
41722	0.69097
41724	0.69097
41726	0.69097
42046	0.69097
42048	0.69097
42050	0.69097
42052	0.69097
42054	0.69097
42056	0.69097
42058	0.69097
42060	0.69097
42062	0.69097
42064	0.69097
42390	0.69097
42392	0.69097
42394	0.69097
42396	0.69097
42398	0.69097
42400	0.69097
42402	0.69097
42404	0.69097
42406	0.69097
42408	0.69097
42728	0.69097
42730	0.69097
42732	0.69097
42734	0.69097
42736	0.69097
42738	0.69097
42740	0.69097
42742	0.69097
42744	0.69097
42746	0.69097
43054	0.69097
43056	0.69097
43058	0.69097
43060	0.69097
43062	0.69097
43064	0.69097
43066	0.69097
43068	0.69097
43070	0.69097
43072	0.69097
43398	0.69097
43400	0.69097
43402	0.69097
43404	0.69097
43406	0.69097
43408	0.69097
43410	0.69097
43412	0.69097
43414	0.69097
43416	0.69097
43742	0.69097
43744	0.69097
43746	0.69097
43748	0.69097
43750	0.69097
43752	0.69097
43754	0.69097
43756	0.69097
43758	0.69097
43760	0.69097
44092	0.69097
44094	0.69097
44096	0.69097
44098	0.69097
44100	0.69097
44102	0.69097
44104	0.69097
44106	0.69097
44108	0.69097
44110	0.69097
44436	0.69097
44438	0.69097
44440	0.69097
44442	0.69097
44444	0.69097
44446	0.69097
44448	0.69097
44450	0.69097
44452	0.69097
44454	0.69097
44780	0.69097
44782	0.69097
44784	0.69097
44786	0.69097
44788	0.69097
44790	0.69097
44792	0.69097
44794	0.69097
44796	0.69097
44798	0.69097
45118	0.69097
45120	0.69097
45122	0.69097
45124	0.69097
45126	0.69097
45128	0.69097
45130	0.69097
45132	0.69097
45134	0.69097
45136	0.69097
45462	0.69097
45464	0.69097
45466	0.69097
45468	0.69097
45470	0.69097
45472	0.69097
45474	0.69097
45476	0.69097
45478	0.69097
45480	0.69097
45788	0.69097
45790	0.69097
45792	0.69097
45794	0.69097
45796	0.69097
45798	0.69097
45800	0.69097
45802	0.69097
45804	0.69097
45806	0.69097
46138	0.69097
46140	0.69097
46142	0.69097
46144	0.69097
46146	0.69097
46148	0.69097
46150	0.69097
46152	0.69097
46154	0.69097
46156	0.69097
46476	0.69097
46478	0.69097
46480	0.69097
46482	0.69097
46484	0.69097
46486	0.69097
46488	0.69097
46490	0.69097
46492	0.69097
46494	0.69097
46814	0.69097
46816	0.69097
46818	0.69097
46820	0.69097
46822	0.69097
46824	0.69097
46826	0.69097
46828	0.69097
46830	0.69097
46832	0.69097
47140	0.69097
47142	0.69097
47144	0.69097
47146	0.69097
47148	0.69097
47150	0.69097
47152	0.69097
47154	0.69097
47156	0.69097
47158	0.69097
47484	0.69097
47486	0.69097
47488	0.69097
47490	0.69097
47492	0.69097
47494	0.69097
47496	0.69097
47498	0.69097
47500	0.69097
47502	0.69097
47834	0.69097
47836	0.69097
47838	0.69097
47840	0.69097
47842	0.69097
47844	0.69097
47846	0.69097
47848	0.69097
47850	0.69097
47852	0.69097
48166	0.69097
48168	0.69097
48170	0.69097
48172	0.69097
48174	0.69097
48176	0.69097
48178	0.69097
48180	0.69097
48182	0.69097
48184	0.69097
48504	0.69097
48506	0.69097
48508	0.69097
48510	0.69097
48512	0.69097
48514	0.69097
48516	0.69097
48518	0.69097
48520	0.69097
48522	0.69097
48848	0.69097
48850	0.69097
48852	0.69097
48854	0.69097
48856	0.69097
48858	0.69097
48860	0.69097
48862	0.69097
48864	0.69097
48866	0.69097
49186	0.69097
49188	0.69097
49190	0.69097
49192	0.69097
49194	0.69097
49196	0.69097
49198	0.69097
49200	0.69097
49202	0.69097
49204	0.69097
49530	0.69097
49532	0.69097
49534	0.69097
49536	0.69097
49538	0.69097
49540	0.69097
49542	0.69097
49544	0.69097
49546	0.69097
49548	0.69097
49862	0.69097
49864	0.69097
49866	0.69097
49868	0.69097
49870	0.69097
49872	0.69097
49874	0.69097
49876	0.69097
49878	0.69097
49880	0.69097
50194	0.69097
50196	0.69097
50198	0.69097
50200	0.69097
50202	0.69097
50204	0.69097
50206	0.69097
50208	0.69097
50210	0.69097
50212	0.69097
50544	0.69097
50546	0.69097
50548	0.69097
50550	0.69097
50552	0.69097
50554	0.69097
50556	0.69097
50558	0.69097
50560	0.69097
50562	0.69097
50876	0.69097
50878	0.69097
50880	0.69097
50882	0.69097
50884	0.69097
50886	0.69097
50888	0.69097
50890	0.69097
50892	0.69097
50894	0.69097
51208	0.69097
51210	0.69097
51212	0.69097
51214	0.69097
51216	0.69097
51218	0.69097
51220	0.69097
51222	0.69097
51224	0.69097
51226	0.69097
51528	0.69097
51530	0.69097
51532	0.69097
51534	0.69097
51536	0.69097
51538	0.69097
51540	0.69097
51542	0.69097
51544	0.69097
51546	0.69097
51872	0.69097
51874	0.69097
51876	0.69097
51878	0.69097
51880	0.69097
51882	0.69097
51884	0.69097
51886	0.69097
51888	0.69097
51890	0.69097
52204	0.69097
52206	0.69097
52208	0.69097
52210	0.69097
52212	0.69097
52214	0.69097
52216	0.69097
52218	0.69097
52220	0.69097
52222	0.69097
52554	0.69097
52556	0.69097
52558	0.69097
52560	0.69097
52562	0.69097
52564	0.69097
52566	0.69097
52568	0.69097
52570	0.69097
52572	0.69097
52886	0.69097
52888	0.69097
52890	0.69097
52892	0.69097
52894	0.69097
52896	0.69097
52898	0.69097
52900	0.69097
52902	0.69097
52904	0.69097
53230	0.69097
53232	0.69097
53234	0.69097
53236	0.69097
53238	0.69097
53240	0.69097
53242	0.69097
53244	0.69097
53246	0.69097
53248	0.69097
53562	0.69097
53564	0.69097
53566	0.69097
53568	0.69097
53570	0.69097
53572	0.69097
53574	0.69097
53576	0.69097
53578	0.69097
53580	0.69097
53894	0.69097
53896	0.69097
53898	0.69097
53900	0.69097
53902	0.69097
53904	0.69097
53906	0.69097
53908	0.69097
53910	0.69097
53912	0.69097
54238	0.69097
54240	0.69097
54242	0.69097
54244	0.69097
54246	0.69097
54248	0.69097
54250	0.69097
54252	0.69097
54254	0.69097
54256	0.69097
54582	0.69097
54584	0.69097
54586	0.69097
54588	0.69097
54590	0.69097
54592	0.69097
54594	0.69097
54596	0.69097
54598	0.69097
54600	0.69097
54926	0.69097
54928	0.69097
54930	0.69097
54932	0.69097
54934	0.69097
54936	0.69097
54938	0.69097
54940	0.69097
54942	0.69097
54944	0.69097
55270	0.69097
55272	0.69097
55274	0.69097
55276	0.69097
55278	0.69097
55280	0.69097
55282	0.69097
55284	0.69097
55286	0.69097
55288	0.69097
55608	0.69097
55610	0.69097
55612	0.69097
55614	0.69097
55616	0.69097
55618	0.69097
55620	0.69097
55622	0.69097
55624	0.69097
55626	0.69097
55946	0.69097
55948	0.69097
55950	0.69097
55952	0.69097
55954	0.69097
55956	0.69097
55958	0.69097
55960	0.69097
55962	0.69097
55964	0.69097
56290	0.69097
56292	0.69097
56294	0.69097
56296	0.69097
56298	0.69097
56300	0.69097
56302	0.69097
56304	0.69097
56306	0.69097
56308	0.69097
56628	0.69097
56630	0.69097
56632	0.69097
56634	0.69097
56636	0.69097
56638	0.69097
56640	0.69097
56642	0.69097
56644	0.69097
56646	0.69097
56966	0.69097
56968	0.69097
56970	0.69097
56972	0.69097
56974	0.69097
56976	0.69097
56978	0.69097
56980	0.69097
56982	0.69097
56984	0.69097
57316	0.69097
57318	0.69097
57320	0.69097
57322	0.69097
57324	0.69097
57326	0.69097
57328	0.69097
57330	0.69097
57332	0.69097
57334	0.69097
57660	0.69097
57662	0.69097
57664	0.69097
57666	0.69097
57668	0.69097
57670	0.69097
57672	0.69097
57674	0.69097
57676	0.69097
57678	0.69097
57998	0.69097
58000	0.69097
58002	0.69097
58004	0.69097
58006	0.69097
58008	0.69097
58010	0.69097
58012	0.69097
58014	0.69097
58016	0.69097
58342	0.69097
58344	0.69097
58346	0.69097
58348	0.69097
58350	0.69097
58352	0.69097
58354	0.69097
58356	0.69097
58358	0.69097
58360	0.69097
58680	0.69097
58682	0.69097
58684	0.69097
58686	0.69097
58688	0.69097
58690	0.69097
58692	0.69097
58694	0.69097
58696	0.69097
58698	0.69097
59030	0.69097
59032	0.69097
59034	0.69097
59036	0.69097
59038	0.69097
59040	0.69097
59042	0.69097
59044	0.69097
59046	0.69097
59048	0.69097
59374	0.69097
59376	0.69097
59378	0.69097
59380	0.69097
59382	0.69097
59384	0.69097
59386	0.69097
59388	0.69097
59390	0.69097
59392	0.69097
59718	0.69097
59720	0.69097
59722	0.69097
59724	0.69097
59726	0.69097
59728	0.69097
59730	0.69097
59732	0.69097
59734	0.69097
59736	0.69097
60068	0.69097
60070	0.69097
60072	0.69097
60074	0.69097
60076	0.69097
60078	0.69097
60080	0.69097
60082	0.69097
60084	0.69097
60086	0.69097
60412	0.69097
60414	0.69097
60416	0.69097
60418	0.69097
60420	0.69097
60422	0.69097
60424	0.69097
60426	0.69097
60428	0.69097
60430	0.69097
60756	0.69097
60758	0.69097
60760	0.69097
60762	0.69097
60764	0.69097
60766	0.69097
60768	0.69097
60770	0.69097
60772	0.69097
60774	0.69097
61100	0.69097
61102	0.69097
61104	0.69097
61106	0.69097
61108	0.69097
61110	0.69097
61112	0.69097
61114	0.69097
61116	0.69097
61118	0.69097
61426	0.69097
61428	0.69097
61430	0.69097
61432	0.69097
61434	0.69097
61436	0.69097
61438	0.69097
61440	0.69097
61442	0.69097
61444	0.69097
61776	0.69097
61778	0.69097
61780	0.69097
61782	0.69097
61784	0.69097
61786	0.69097
61788	0.69097
61790	0.69097
61792	0.69097
61794	0.69097
62120	0.69097
62122	0.69097
62124	0.69097
62126	0.69097
62128	0.69097
62130	0.69097
62132	0.69097
62134	0.69097
62136	0.69097
62138	0.69097
62464	0.69097
62466	0.69097
62468	0.69097
62470	0.69097
62472	0.69097
62474	0.69097
62476	0.69097
62478	0.69097
62480	0.69097
62482	0.69097
62802	0.69097
62804	0.69097
62806	0.69097
62808	0.69097
62810	0.69097
62812	0.69097
62814	0.69097
62816	0.69097
62818	0.69097
62820	0.69097
63146	0.69097
63148	0.69097
63150	0.69097
63152	0.69097
63154	0.69097
63156	0.69097
63158	0.69097
63160	0.69097
63162	0.69097
63164	0.69097
63496	0.69097
63498	0.69097
63500	0.69097
63502	0.69097
63504	0.69097
63506	0.69097
63508	0.69097
63510	0.69097
63512	0.69097
63514	0.69097
63834	0.69097
63836	0.69097
63838	0.69097
63840	0.69097
63842	0.69097
63844	0.69097
63846	0.69097
63848	0.69097
63850	0.69097
63852	0.69097
64184	0.69097
64186	0.69097
64188	0.69097
64190	0.69097
64192	0.69097
64194	0.69097
64196	0.69097
64198	0.69097
64200	0.69097
64202	0.69097
64522	0.69097
64524	0.69097
64526	0.69097
64528	0.69097
64530	0.69097
64532	0.69097
64534	0.69097
64536	0.69097
64538	0.69097
64540	0.69097
64872	0.69097
64874	0.69097
64876	0.69097
64878	0.69097
64880	0.69097
64882	0.69097
64884	0.69097
64886	0.69097
64888	0.69097
64890	0.69097
65204	0.69097
65206	0.69097
65208	0.69097
65210	0.69097
65212	0.69097
65214	0.69097
65216	0.69097
65218	0.69097
65220	0.69097
65222	0.69097
65548	0.69097
65550	0.69097
65552	0.69097
65554	0.69097
65556	0.69097
65558	0.69097
65560	0.69097
65562	0.69097
65564	0.69097
65566	0.69097
65892	0.69097
65894	0.69097
65896	0.69097
65898	0.69097
65900	0.69097
65902	0.69097
65904	0.69097
65906	0.69097
65908	0.69097
65910	0.69097
66224	0.69097
66226	0.69097
66228	0.69097
66230	0.69097
66232	0.69097
66234	0.69097
66236	0.69097
66238	0.69097
66240	0.69097
66242	0.69097
66574	0.69097
66576	0.69097
66578	0.69097
66580	0.69097
66582	0.69097
66584	0.69097
66586	0.69097
66588	0.69097
66590	0.69097
66592	0.69097
66906	0.69097
66908	0.69097
66910	0.69097
66912	0.69097
66914	0.69097
66916	0.69097
66918	0.69097
66920	0.69097
66922	0.69097
66924	0.69097
67244	0.69097
67246	0.69097
67248	0.69097
67250	0.69097
67252	0.69097
67254	0.69097
67256	0.69097
67258	0.69097
67260	0.69097
67262	0.69097
67576	0.69097
67578	0.69097
67580	0.69097
67582	0.69097
67584	0.69097
67586	0.69097
67588	0.69097
67590	0.69097
67592	0.69097
67594	0.69097
67920	0.69097
67922	0.69097
67924	0.69097
67926	0.69097
67928	0.69097
67930	0.69097
67932	0.69097
67934	0.69097
67936	0.69097
67938	0.69097
68258	0.69097
68260	0.69097
68262	0.69097
68264	0.69097
68266	0.69097
68268	0.69097
68270	0.69097
68272	0.69097
68274	0.69097
68276	0.69097
68602	0.69097
68604	0.69097
68606	0.69097
68608	0.69097
68610	0.69097
68612	0.69097
68614	0.69097
68616	0.69097
68618	0.69097
68620	0.69097
68934	0.69097
68936	0.69097
68938	0.69097
68940	0.69097
68942	0.69097
68944	0.69097
68946	0.69097
68948	0.69097
68950	0.69097
68952	0.69097
69278	0.69097
69280	0.69097
69282	0.69097
69284	0.69097
69286	0.69097
69288	0.69097
69290	0.69097
69292	0.69097
69294	0.69097
69296	0.69097
69616	0.69097
69618	0.69097
69620	0.69097
69622	0.69097
69624	0.69097
69626	0.69097
69628	0.69097
69630	0.69097
69632	0.69097
69634	0.69097
69966	0.69097
69968	0.69097
69970	0.69097
69972	0.69097
69974	0.69097
69976	0.69097
69978	0.69097
69980	0.69097
69982	0.69097
69984	0.69097
70316	0.69097
70318	0.69097
70320	0.69097
70322	0.69097
70324	0.69097
70326	0.69097
70328	0.69097
70330	0.69097
70332	0.69097
70334	0.69097
70660	0.69097
70662	0.69097
70664	0.69097
70666	0.69097
70668	0.69097
70670	0.69097
70672	0.69097
70674	0.69097
70676	0.69097
70678	0.69097
70998	0.69097
71000	0.69097
71002	0.69097
71004	0.69097
71006	0.69097
71008	0.69097
71010	0.69097
71012	0.69097
71014	0.69097
71016	0.69097
71342	0.69097
71344	0.69097
71346	0.69097
71348	0.69097
71350	0.69097
71352	0.69097
71354	0.69097
71356	0.69097
71358	0.69097
71360	0.69097
71680	0.69097
71682	0.69097
71684	0.69097
71686	0.69097
71688	0.69097
71690	0.69097
71692	0.69097
71694	0.69097
71696	0.69097
71698	0.69097
72030	0.69097
72032	0.69097
72034	0.69097
72036	0.69097
72038	0.69097
72040	0.69097
72042	0.69097
72044	0.69097
72046	0.69097
72048	0.69097
72362	0.69097
72364	0.69097
72366	0.69097
72368	0.69097
72370	0.69097
72372	0.69097
72374	0.69097
72376	0.69097
72378	0.69097
72380	0.69097
72682	0.69097
72684	0.69097
72686	0.69097
72688	0.69097
72690	0.69097
72692	0.69097
72694	0.69097
72696	0.69097
72698	0.69097
72700	0.69097
73020	0.69097
73022	0.69097
73024	0.69097
73026	0.69097
73028	0.69097
73030	0.69097
73032	0.69097
73034	0.69097
73036	0.69097
73038	0.69097
73364	0.69097
73366	0.69097
73368	0.69097
73370	0.69097
73372	0.69097
73374	0.69097
73376	0.69097
73378	0.69097
73380	0.69097
73382	0.69097
73696	0.69097
73698	0.69097
73700	0.69097
73702	0.69097
73704	0.69097
73706	0.69097
73708	0.69097
73710	0.69097
73712	0.69097
73714	0.69097
74034	0.69097
74036	0.69097
74038	0.69097
74040	0.69097
74042	0.69097
74044	0.69097
74046	0.69097
74048	0.69097
74050	0.69097
74052	0.69097
74378	0.69097
74380	0.69097
74382	0.69097
74384	0.69097
74386	0.69097
74388	0.69097
74390	0.69097
74392	0.69097
74394	0.69097
74396	0.69097
74722	0.69097
74724	0.69097
74726	0.69097
74728	0.69097
74730	0.69097
74732	0.69097
74734	0.69097
74736	0.69097
74738	0.69097
74740	0.69097
75066	0.69097
75068	0.69097
75070	0.69097
75072	0.69097
75074	0.69097
75076	0.69097
75078	0.69097
75080	0.69097
75082	0.69097
75084	0.69097
75404	0.69097
75406	0.69097
75408	0.69097
75410	0.69097
75412	0.69097
75414	0.69097
75416	0.69097
75418	0.69097
75420	0.69097
75422	0.69097
75736	0.69097
75738	0.69097
75740	0.69097
75742	0.69097
75744	0.69097
75746	0.69097
75748	0.69097
75750	0.69097
75752	0.69097
75754	0.69097
76086	0.69097
76088	0.69097
76090	0.69097
76092	0.69097
76094	0.69097
76096	0.69097
76098	0.69097
76100	0.69097
76102	0.69097
76104	0.69097
76418	0.69097
76420	0.69097
76422	0.69097
76424	0.69097
76426	0.69097
76428	0.69097
76430	0.69097
76432	0.69097
76434	0.69097
76436	0.69097
76750	0.69097
76752	0.69097
76754	0.69097
76756	0.69097
76758	0.69097
76760	0.69097
76762	0.69097
76764	0.69097
76766	0.69097
76768	0.69097
77088	0.69097
77090	0.69097
77092	0.69097
77094	0.69097
77096	0.69097
77098	0.69097
77100	0.69097
77102	0.69097
77104	0.69097
77106	0.69097
77432	0.69097
77434	0.69097
77436	0.69097
77438	0.69097
77440	0.69097
77442	0.69097
77444	0.69097
77446	0.69097
77448	0.69097
77450	0.69097
77776	0.69097
77778	0.69097
77780	0.69097
77782	0.69097
77784	0.69097
77786	0.69097
77788	0.69097
77790	0.69097
77792	0.69097
77794	0.69097
78126	0.69097
78128	0.69097
78130	0.69097
78132	0.69097
78134	0.69097
78136	0.69097
78138	0.69097
78140	0.69097
78142	0.69097
78144	0.69097
78464	0.69097
78466	0.69097
78468	0.69097
78470	0.69097
78472	0.69097
78474	0.69097
78476	0.69097
78478	0.69097
78480	0.69097
78482	0.69097
78808	0.69097
78810	0.69097
78812	0.69097
78814	0.69097
78816	0.69097
78818	0.69097
78820	0.69097
78822	0.69097
78824	0.69097
78826	0.69097
79146	0.69097
79148	0.69097
79150	0.69097
79152	0.69097
79154	0.69097
79156	0.69097
79158	0.69097
79160	0.69097
79162	0.69097
79164	0.69097
79490	0.69097
79492	0.69097
79494	0.69097
79496	0.69097
79498	0.69097
79500	0.69097
79502	0.69097
79504	0.69097
79506	0.69097
79508	0.69097
79834	0.69097
79836	0.69097
79838	0.69097
79840	0.69097
79842	0.69097
79844	0.69097
79846	0.69097
79848	0.69097
79850	0.69097
79852	0.69097
80166	0.69097
80168	0.69097
80170	0.69097
80172	0.69097
80174	0.69097
80176	0.69097
80178	0.69097
80180	0.69097
80182	0.69097
80184	0.69097
80510	0.69097
80512	0.69097
80514	0.69097
80516	0.69097
80518	0.69097
80520	0.69097
80522	0.69097
80524	0.69097
80526	0.69097
80528	0.69097
80842	0.69097
80844	0.69097
80846	0.69097
80848	0.69097
80850	0.69097
80852	0.69097
80854	0.69097
80856	0.69097
80858	0.69097
80860	0.69097
81186	0.69097
81188	0.69097
81190	0.69097
81192	0.69097
81194	0.69097
81196	0.69097
81198	0.69097
81200	0.69097
81202	0.69097
81204	0.69097
81530	0.69097
81532	0.69097
81534	0.69097
81536	0.69097
81538	0.69097
81540	0.69097
81542	0.69097
81544	0.69097
81546	0.69097
81548	0.69097
81874	0.69097
81876	0.69097
81878	0.69097
81880	0.69097
81882	0.69097
81884	0.69097
81886	0.69097
81888	0.69097
81890	0.69097
81892	0.69097
82224	0.69097
82226	0.69097
82228	0.69097
82230	0.69097
82232	0.69097
82234	0.69097
82236	0.69097
82238	0.69097
82240	0.69097
82242	0.69097
82568	0.69097
82570	0.69097
82572	0.69097
82574	0.69097
82576	0.69097
82578	0.69097
82580	0.69097
82582	0.69097
82584	0.69097
82586	0.69097
82912	0.69097
82914	0.69097
82916	0.69097
82918	0.69097
82920	0.69097
82922	0.69097
82924	0.69097
82926	0.69097
82928	0.69097
82930	0.69097
83250	0.69097
83252	0.69097
83254	0.69097
83256	0.69097
83258	0.69097
83260	0.69097
83262	0.69097
83264	0.69097
83266	0.69097
83268	0.69097
83594	0.69097
83596	0.69097
83598	0.69097
83600	0.69097
83602	0.69097
83604	0.69097
83606	0.69097
83608	0.69097
83610	0.69097
83612	0.69097
83938	0.69097
83940	0.69097
83942	0.69097
83944	0.69097
83946	0.69097
83948	0.69097
83950	0.69097
83952	0.69097
83954	0.69097
83956	0.69097
84264	0.69097
84266	0.69097
84268	0.69097
84270	0.69097
84272	0.69097
84274	0.69097
84276	0.69097
84278	0.69097
84280	0.69097
84282	0.69097
84596	0.69097
84598	0.69097
84600	0.69097
84602	0.69097
84604	0.69097
84606	0.69097
84608	0.69097
84610	0.69097
84612	0.69097
84614	0.69097
84940	0.69097
84942	0.69097
84944	0.69097
84946	0.69097
84948	0.69097
84950	0.69097
84952	0.69097
84954	0.69097
84956	0.69097
84958	0.69097
85278	0.69097
85280	0.69097
85282	0.69097
85284	0.69097
85286	0.69097
85288	0.69097
85290	0.69097
85292	0.69097
85294	0.69097
85296	0.69097
85622	0.69097
85624	0.69097
85626	0.69097
85628	0.69097
85630	0.69097
85632	0.69097
85634	0.69097
85636	0.69097
85638	0.69097
85640	0.69097
85960	0.69097
85962	0.69097
85964	0.69097
85966	0.69097
85968	0.69097
85970	0.69097
85972	0.69097
85974	0.69097
85976	0.69097
85978	0.69097
86298	0.69097
86300	0.69097
86302	0.69097
86304	0.69097
86306	0.69097
86308	0.69097
86310	0.69097
86312	0.69097
86314	0.69097
86316	0.69097
86642	0.69097
86644	0.69097
86646	0.69097
86648	0.69097
86650	0.69097
86652	0.69097
86654	0.69097
86656	0.69097
86658	0.69097
86660	0.69097
86974	0.69097
86976	0.69097
86978	0.69097
86980	0.69097
86982	0.69097
86984	0.69097
86986	0.69097
86988	0.69097
86990	0.69097
86992	0.69097
87318	0.69097
87320	0.69097
87322	0.69097
87324	0.69097
87326	0.69097
87328	0.69097
87330	0.69097
87332	0.69097
87334	0.69097
87336	0.69097
87650	0.69097
87652	0.69097
87654	0.69097
87656	0.69097
87658	0.69097
87660	0.69097
87662	0.69097
87664	0.69097
87666	0.69097
87668	0.69097
87982	0.69097
87984	0.69097
87986	0.69097
87988	0.69097
87990	0.69097
87992	0.69097
87994	0.69097
87996	0.69097
87998	0.69097
88000	0.69097
88320	0.69097
88322	0.69097
88324	0.69097
88326	0.69097
88328	0.69097
88330	0.69097
88332	0.69097
88334	0.69097
88336	0.69097
88338	0.69097
88664	0.69097
88666	0.69097
88668	0.69097
88670	0.69097
88672	0.69097
88674	0.69097
88676	0.69097
88678	0.69097
88680	0.69097
88682	0.69097
89002	0.69097
89004	0.69097
89006	0.69097
89008	0.69097
89010	0.69097
89012	0.69097
89014	0.69097
89016	0.69097
89018	0.69097
89020	0.69097
89340	0.69097
89342	0.69097
89344	0.69097
89346	0.69097
89348	0.69097
89350	0.69097
89352	0.69097
89354	0.69097
89356	0.69097
89358	0.69097
89678	0.69097
89680	0.69097
89682	0.69097
89684	0.69097
89686	0.69097
89688	0.69097
89690	0.69097
89692	0.69097
89694	0.69097
89696	0.69097
90016	0.69097
90018	0.69097
90020	0.69097
90022	0.69097
90024	0.69097
90026	0.69097
90028	0.69097
90030	0.69097
90032	0.69097
90034	0.69097
90360	0.69097
90362	0.69097
90364	0.69097
90366	0.69097
90368	0.69097
90370	0.69097
90372	0.69097
90374	0.69097
90376	0.69097
90378	0.69097
90710	0.69097
90712	0.69097
90714	0.69097
90716	0.69097
90718	0.69097
90720	0.69097
90722	0.69097
90724	0.69097
90726	0.69097
90728	0.69097
91054	0.69097
91056	0.69097
91058	0.69097
91060	0.69097
91062	0.69097
91064	0.69097
91066	0.69097
91068	0.69097
91070	0.69097
91072	0.69097
91398	0.69097
91400	0.69097
91402	0.69097
91404	0.69097
91406	0.69097
91408	0.69097
91410	0.69097
91412	0.69097
91414	0.69097
91416	0.69097
91742	0.69097
91744	0.69097
91746	0.69097
91748	0.69097
91750	0.69097
91752	0.69097
91754	0.69097
91756	0.69097
91758	0.69097
91760	0.69097
92080	0.69097
92082	0.69097
92084	0.69097
92086	0.69097
92088	0.69097
92090	0.69097
92092	0.69097
92094	0.69097
92096	0.69097
92098	0.69097
92424	0.69097
92426	0.69097
92428	0.69097
92430	0.69097
92432	0.69097
92434	0.69097
92436	0.69097
92438	0.69097
92440	0.69097
92442	0.69097
92774	0.69097
92776	0.69097
92778	0.69097
92780	0.69097
92782	0.69097
92784	0.69097
92786	0.69097
92788	0.69097
92790	0.69097
92792	0.69097
93112	0.69097
93114	0.69097
93116	0.69097
93118	0.69097
93120	0.69097
93122	0.69097
93124	0.69097
93126	0.69097
93128	0.69097
93130	0.69097
93444	0.69097
93446	0.69097
93448	0.69097
93450	0.69097
93452	0.69097
93454	0.69097
93456	0.69097
93458	0.69097
93460	0.69097
93462	0.69097
93782	0.69097
93784	0.69097
93786	0.69097
93788	0.69097
93790	0.69097
93792	0.69097
93794	0.69097
93796	0.69097
93798	0.69097
93800	0.69097
94126	0.69097
94128	0.69097
94130	0.69097
94132	0.69097
94134	0.69097
94136	0.69097
94138	0.69097
94140	0.69097
94142	0.69097
94144	0.69097
94476	0.69097
94478	0.69097
94480	0.69097
94482	0.69097
94484	0.69097
94486	0.69097
94488	0.69097
94490	0.69097
94492	0.69097
94494	0.69097
94826	0.69097
94828	0.69097
94830	0.69097
94832	0.69097
94834	0.69097
94836	0.69097
94838	0.69097
94840	0.69097
94842	0.69097
94844	0.69097
95158	0.69097
95160	0.69097
95162	0.69097
95164	0.69097
95166	0.69097
95168	0.69097
95170	0.69097
95172	0.69097
95174	0.69097
95176	0.69097
95508	0.69097
95510	0.69097
95512	0.69097
95514	0.69097
95516	0.69097
95518	0.69097
95520	0.69097
95522	0.69097
95524	0.69097
95526	0.69097
95858	0.69097
95860	0.69097
95862	0.69097
95864	0.69097
95866	0.69097
95868	0.69097
95870	0.69097
95872	0.69097
95874	0.69097
95876	0.69097
96208	0.69097
96210	0.69097
96212	0.69097
96214	0.69097
96216	0.69097
96218	0.69097
96220	0.69097
96222	0.69097
96224	0.69097
96226	0.69097
96552	0.69097
96554	0.69097
96556	0.69097
96558	0.69097
96560	0.69097
96562	0.69097
96564	0.69097
96566	0.69097
96568	0.69097
96570	0.69097
96890	0.69097
96892	0.69097
96894	0.69097
96896	0.69097
96898	0.69097
96900	0.69097
96902	0.69097
96904	0.69097
96906	0.69097
96908	0.69097
97234	0.69097
97236	0.69097
97238	0.69097
97240	0.69097
97242	0.69097
97244	0.69097
97246	0.69097
97248	0.69097
97250	0.69097
97252	0.69097
97584	0.69097
97586	0.69097
97588	0.69097
97590	0.69097
97592	0.69097
97594	0.69097
97596	0.69097
97598	0.69097
97600	0.69097
97602	0.69097
97934	0.69097
97936	0.69097
97938	0.69097
97940	0.69097
97942	0.69097
97944	0.69097
97946	0.69097
97948	0.69097
97950	0.69097
97952	0.69097
98278	0.69097
98280	0.69097
98282	0.69097
98284	0.69097
98286	0.69097
98288	0.69097
98290	0.69097
98292	0.69097
98294	0.69097
98296	0.69097
98622	0.69097
98624	0.69097
98626	0.69097
98628	0.69097
98630	0.69097
98632	0.69097
98634	0.69097
98636	0.69097
98638	0.69097
98640	0.69097
98966	0.69097
98968	0.69097
98970	0.69097
98972	0.69097
98974	0.69097
98976	0.69097
98978	0.69097
98980	0.69097
98982	0.69097
98984	0.69097
99316	0.69097
99318	0.69097
99320	0.69097
99322	0.69097
99324	0.69097
99326	0.69097
99328	0.69097
99330	0.69097
99332	0.69097
99334	0.69097
99648	0.69097
99650	0.69097
99652	0.69097
99654	0.69097
99656	0.69097
99658	0.69097
99660	0.69097
99662	0.69097
99664	0.69097
99666	0.69097
99992	0.69097
99994	0.69097
99996	0.69097
99998	0.69097
AM_1_1best	10	0.608666	0.69097	8.89203	860681
