0	1.37437
2	1.37437
4	1.37437
6	1.37437
8	1.37437
10	1.37437
12	1.37437
14	1.37437
16	1.37437
27528	1.37437
27530	1.01146
27532	1.01146
27534	1.01146
27536	1.01146
27538	1.01146
27540	1.01146
27542	1.01146
27544	1.01146
27546	1.01146
41012	1.01146
41014	0.957481
41016	0.957481
41018	0.957481
41020	0.957481
41022	0.957481
41024	0.957481
41026	0.957481
41028	0.957481
41030	0.957481
52816	0.957481
52818	0.916456
52820	0.916456
52822	0.916456
52824	0.916456
52826	0.916456
52828	0.916456
52830	0.916456
52832	0.916456
52834	0.916456
64206	0.916456
64208	0.883438
64210	0.883438
64212	0.883438
64214	0.883438
64216	0.883438
64218	0.883438
64220	0.883438
64222	0.883438
64224	0.883438
74816	0.883438
74818	0.82233
74820	0.82233
74822	0.82233
74824	0.82233
74826	0.82233
74828	0.82233
74830	0.82233
74832	0.82233
74834	0.82233
84664	0.82233
84666	0.772131
84668	0.772131
84670	0.772131
84672	0.772131
84674	0.772131
84676	0.772131
84678	0.772131
84680	0.772131
84682	0.772131
94146	0.772131
94148	0.725713
94150	0.725713
94152	0.725713
94154	0.725713
94156	0.725713
94158	0.725713
94160	0.725713
94162	0.725713
94164	0.725713
103406	0.725713
AM_10_1	268	0.312519	0.683539	17.9957	980472
0	1.37437
2	1.37437
4	1.37437
6	1.37437
8	1.37437
10	1.37437
12	1.37437
14	1.37437
16	1.37437
2550	1.37437
2552	1.1521
2554	1.1521
2556	1.1521
2558	1.1521
2560	1.1521
2562	1.1521
2564	1.1521
2566	1.1521
2568	1.1521
3890	1.1521
3892	1.07348
3894	1.07348
3896	1.07348
3898	1.07348
3900	1.07348
3902	1.07348
3904	1.07348
3906	1.07348
3908	1.07348
5086	1.07348
5088	1.0303
5090	1.0303
5092	1.0303
5094	1.0303
5096	1.0303
5098	1.0303
5100	1.0303
5102	1.0303
5104	1.0303
6180	1.0303
6182	0.987413
6184	0.987413
6186	0.987413
6188	0.987413
6190	0.987413
6192	0.987413
6194	0.987413
6196	0.987413
6198	0.987413
7226	0.987413
7228	0.944545
7230	0.944545
7232	0.944545
7234	0.944545
7236	0.944545
7238	0.944545
7240	0.944545
7242	0.944545
7244	0.944545
8386	0.944545
8388	0.901432
8390	0.901432
8392	0.901432
8394	0.901432
8396	0.901432
8398	0.901432
8400	0.901432
8402	0.901432
8404	0.901432
9414	0.901432
9416	0.83811
9418	0.83811
9420	0.83811
9422	0.83811
9424	0.83811
9426	0.83811
9428	0.83811
9430	0.83811
9432	0.83811
10334	0.83811
10336	0.806448
10338	0.806448
10340	0.806448
10342	0.806448
10344	0.806448
10346	0.806448
10348	0.806448
10350	0.806448
10352	0.806448
11332	0.806448
11334	0.741053
11336	0.741053
11338	0.741053
11340	0.741053
11342	0.741053
11344	0.741053
11346	0.741053
11348	0.741053
11350	0.741053
12306	0.741053
12308	0.729366
12310	0.729366
12312	0.729366
12314	0.729366
12316	0.729366
12318	0.729366
12320	0.729366
12322	0.729366
12324	0.729366
13202	0.729366
13204	0.717751
13206	0.717751
13208	0.717751
13210	0.717751
13212	0.717751
13214	0.717751
13216	0.717751
13218	0.717751
13220	0.717751
14152	0.717751
14154	0.684098
14156	0.684098
14158	0.684098
14160	0.684098
14162	0.684098
14164	0.684098
14166	0.684098
14168	0.684098
14170	0.684098
15108	0.684098
15110	0.66442
15112	0.66442
15114	0.66442
15116	0.66442
15118	0.66442
15120	0.66442
15122	0.66442
15124	0.66442
15126	0.66442
15962	0.66442
15964	0.63306
15966	0.63306
15968	0.63306
15970	0.63306
15972	0.63306
15974	0.63306
15976	0.63306
15978	0.63306
15980	0.63306
16810	0.63306
16812	0.62618
16814	0.62618
16816	0.62618
16818	0.62618
16820	0.62618
16822	0.62618
16824	0.62618
16826	0.62618
16828	0.62618
17628	0.62618
17630	0.595153
17632	0.595153
17634	0.595153
17636	0.595153
17638	0.595153
17640	0.595153
17642	0.595153
17644	0.595153
17646	0.595153
18482	0.595153
18484	0.547029
18486	0.547029
18488	0.547029
18490	0.547029
18492	0.547029
18494	0.547029
18496	0.547029
18498	0.547029
18500	0.547029
19252	0.547029
19254	0.51286
19256	0.51286
19258	0.51286
19260	0.51286
19262	0.51286
19264	0.51286
19266	0.51286
19268	0.51286
19270	0.51286
20010	0.51286
20012	0.489808
20014	0.489808
20016	0.489808
20018	0.489808
20020	0.489808
20022	0.489808
20024	0.489808
20026	0.489808
20028	0.489808
20798	0.489808
20800	0.489808
20802	0.489808
20804	0.489808
20806	0.489808
20808	0.489808
20810	0.489808
20812	0.489808
20814	0.489808
20816	0.489808
21568	0.489808
21570	0.468471
21572	0.468471
21574	0.468471
21576	0.468471
21578	0.468471
21580	0.468471
21582	0.468471
21584	0.468471
21586	0.468471
22296	0.468471
22298	0.440804
22300	0.440804
22302	0.440804
22304	0.440804
22306	0.440804
22308	0.440804
22310	0.440804
22312	0.440804
22314	0.440804
23102	0.440804
23104	0.414025
23106	0.414025
23108	0.414025
23110	0.414025
23112	0.414025
23114	0.414025
23116	0.414025
23118	0.414025
23120	0.414025
23878	0.414025
23880	0.390681
23882	0.390681
23884	0.390681
23886	0.390681
23888	0.390681
23890	0.390681
23892	0.390681
23894	0.390681
23896	0.390681
24624	0.390681
24626	0.386092
24628	0.386092
24630	0.386092
24632	0.386092
24634	0.386092
24636	0.386092
24638	0.386092
24640	0.386092
24642	0.386092
25358	0.386092
25360	0.399922
25362	0.399922
25364	0.399922
25366	0.399922
25368	0.399922
25370	0.399922
25372	0.399922
25374	0.399922
25376	0.399922
26146	0.399922
26148	0.399922
26150	0.399922
26152	0.399922
26154	0.399922
26156	0.399922
26158	0.399922
26160	0.399922
26162	0.399922
26164	0.399922
26904	0.399922
26906	0.392323
26908	0.392323
26910	0.392323
26912	0.392323
26914	0.392323
26916	0.392323
26918	0.392323
26920	0.392323
26922	0.392323
27638	0.392323
27640	0.389595
27642	0.389595
27644	0.389595
27646	0.389595
27648	0.389595
27650	0.389595
27652	0.389595
27654	0.389595
27656	0.389595
28420	0.389595
28422	0.373902
28424	0.373902
28426	0.373902
28428	0.373902
28430	0.373902
28432	0.373902
28434	0.373902
28436	0.373902
28438	0.373902
29202	0.373902
29204	0.346957
29206	0.346957
29208	0.346957
29210	0.346957
29212	0.346957
29214	0.346957
29216	0.346957
29218	0.346957
29220	0.346957
29912	0.346957
29914	0.315228
29916	0.315228
29918	0.315228
29920	0.315228
29922	0.315228
29924	0.315228
29926	0.315228
29928	0.315228
29930	0.315228
30634	0.315228
30636	0.315228
30638	0.315228
30640	0.315228
30642	0.315228
30644	0.315228
30646	0.315228
30648	0.315228
30650	0.315228
30652	0.315228
31374	0.315228
31376	0.315228
31378	0.315228
31380	0.315228
31382	0.315228
31384	0.315228
31386	0.315228
31388	0.315228
31390	0.315228
31392	0.315228
32084	0.315228
32086	0.315228
32088	0.315228
32090	0.315228
32092	0.315228
32094	0.315228
32096	0.315228
32098	0.315228
32100	0.315228
32102	0.315228
32794	0.315228
32796	0.309626
32798	0.309626
32800	0.309626
32802	0.309626
32804	0.309626
32806	0.309626
32808	0.309626
32810	0.309626
32812	0.309626
33510	0.309626
33512	0.309626
33514	0.309626
33516	0.309626
33518	0.308351
33520	0.308351
33522	0.308351
33524	0.308351
33526	0.308351
33528	0.306794
34214	0.306794
34216	0.296688
34218	0.296688
34220	0.296688
34222	0.296688
34224	0.296688
34226	0.296688
34228	0.296688
34230	0.296688
34232	0.296688
34924	0.296688
34926	0.290254
34928	0.290254
34930	0.290254
34932	0.290254
34934	0.290254
34936	0.290254
34938	0.290254
34940	0.290254
34942	0.290254
35610	0.290254
35612	0.286682
35614	0.286682
35616	0.286682
35618	0.286682
35620	0.286682
35622	0.286682
35624	0.286682
35626	0.286682
35628	0.286682
36290	0.286682
36292	0.286682
36294	0.286682
36296	0.286682
36298	0.286682
36300	0.276177
36302	0.276177
36304	0.276177
36306	0.276177
36308	0.276177
36994	0.276177
36996	0.276177
36998	0.276177
37000	0.276177
37002	0.276177
37004	0.276177
37006	0.276177
37008	0.276177
37010	0.276177
37012	0.276177
37680	0.276177
37682	0.276177
37684	0.276177
37686	0.276177
37688	0.276177
37690	0.276177
37692	0.276177
37694	0.276177
37696	0.276177
37698	0.276177
38372	0.276177
38374	0.276027
38376	0.276027
38378	0.276027
38380	0.275663
38382	0.275663
38384	0.275663
38386	0.275663
38388	0.275663
38390	0.275663
39058	0.275663
39060	0.275403
39062	0.275403
39064	0.275403
39066	0.275403
39068	0.275403
39070	0.275403
39072	0.275403
39074	0.275403
39076	0.275403
39744	0.275403
39746	0.275403
39748	0.275403
39750	0.275403
39752	0.275403
39754	0.275403
39756	0.275403
39758	0.272875
39760	0.266553
39762	0.266553
40418	0.266553
40420	0.266553
40422	0.266553
40424	0.266553
40426	0.266553
40428	0.266553
40430	0.266553
40432	0.266553
40434	0.266553
40436	0.266553
41110	0.266553
41112	0.266553
41114	0.266553
41116	0.266553
41118	0.266553
41120	0.266553
41122	0.266553
41124	0.266553
41126	0.266553
41128	0.266553
41802	0.266553
41804	0.266553
41806	0.266553
41808	0.266553
41810	0.266553
41812	0.266553
41814	0.266553
41816	0.266553
41818	0.266553
41820	0.266553
42488	0.266553
42490	0.264925
42492	0.264925
42494	0.264925
42496	0.264925
42498	0.264925
42500	0.264925
42502	0.264925
42504	0.264925
42506	0.264925
43192	0.264925
43194	0.258359
43196	0.258359
43198	0.258359
43200	0.258359
43202	0.258359
43204	0.258359
43206	0.258359
43208	0.258359
43210	0.258359
43878	0.258359
43880	0.258359
43882	0.258359
43884	0.258359
43886	0.258359
43888	0.258359
43890	0.258359
43892	0.258359
43894	0.258359
43896	0.258359
44558	0.258359
44560	0.258359
44562	0.258359
44564	0.258359
44566	0.258359
44568	0.258359
44570	0.258359
44572	0.258359
44574	0.258359
44576	0.258359
45256	0.258359
45258	0.253565
45260	0.253565
45262	0.253565
45264	0.253565
45266	0.253565
45268	0.253565
45270	0.253565
45272	0.253565
45274	0.253565
45930	0.253565
45932	0.253565
45934	0.253565
45936	0.253565
45938	0.253565
45940	0.253565
45942	0.253565
45944	0.253565
45946	0.253565
45948	0.253565
46610	0.253565
46612	0.253565
46614	0.253565
46616	0.253565
46618	0.253565
46620	0.253565
46622	0.253565
46624	0.253565
46626	0.253565
46628	0.253565
47302	0.253565
47304	0.253565
47306	0.253565
47308	0.253565
47310	0.253565
47312	0.253565
47314	0.253565
47316	0.253565
47318	0.253565
47320	0.253565
47988	0.253565
47990	0.253536
47992	0.253536
47994	0.253536
47996	0.253536
47998	0.253536
48000	0.253536
48002	0.253536
48004	0.253536
48006	0.253536
48668	0.253536
48670	0.253536
48672	0.253536
48674	0.253536
48676	0.253536
48678	0.253536
48680	0.253536
48682	0.253536
48684	0.253536
48686	0.253536
49360	0.253536
49362	0.253536
49364	0.253536
49366	0.253536
49368	0.253536
49370	0.253536
49372	0.253536
49374	0.253536
49376	0.253536
49378	0.253536
50052	0.253536
50054	0.253536
50056	0.253536
50058	0.253536
50060	0.253536
50062	0.253536
50064	0.253536
50066	0.253536
50068	0.253536
50070	0.253536
50714	0.253536
50716	0.253536
50718	0.253536
50720	0.253536
50722	0.253536
50724	0.253536
50726	0.253536
50728	0.253536
50730	0.253536
50732	0.253536
51394	0.253536
51396	0.253536
51398	0.253536
51400	0.253536
51402	0.253536
51404	0.253536
51406	0.253536
51408	0.253536
51410	0.253536
51412	0.253536
52062	0.253536
52064	0.253536
52066	0.253536
52068	0.253536
52070	0.253536
52072	0.253536
52074	0.253536
52076	0.253536
52078	0.253536
52080	0.253536
52736	0.253536
52738	0.253536
52740	0.253536
52742	0.253536
52744	0.253536
52746	0.253536
52748	0.253536
52750	0.253536
52752	0.253536
52754	0.253536
53404	0.253536
53406	0.253536
53408	0.253536
53410	0.253536
53412	0.253536
53414	0.253536
53416	0.253536
53418	0.253536
53420	0.253536
53422	0.253536
54066	0.253536
54068	0.253536
54070	0.253536
54072	0.253536
54074	0.253536
54076	0.253536
54078	0.253536
54080	0.253536
54082	0.253536
54084	0.253536
54758	0.253536
54760	0.253536
54762	0.253536
54764	0.253536
54766	0.253536
54768	0.253536
54770	0.253536
54772	0.253536
54774	0.253536
54776	0.253536
55420	0.253536
55422	0.253536
55424	0.253536
55426	0.253536
55428	0.253536
55430	0.253536
55432	0.253536
55434	0.253536
55436	0.253536
55438	0.253536
56124	0.253536
56126	0.253536
56128	0.253536
56130	0.253536
56132	0.253536
56134	0.253536
56136	0.253536
56138	0.253536
56140	0.253536
56142	0.253536
56798	0.253536
56800	0.253536
56802	0.253536
56804	0.253536
56806	0.253536
56808	0.253536
56810	0.253536
56812	0.253536
56814	0.253536
56816	0.253536
57472	0.253536
57474	0.253536
57476	0.253536
57478	0.253536
57480	0.253536
57482	0.253536
57484	0.253536
57486	0.253536
57488	0.253536
57490	0.253536
58152	0.253536
58154	0.253536
58156	0.253536
58158	0.253536
58160	0.253536
58162	0.253536
58164	0.253536
58166	0.253536
58168	0.253536
58170	0.253536
58832	0.253536
58834	0.253536
58836	0.253536
58838	0.253536
58840	0.253536
58842	0.253536
58844	0.253536
58846	0.253536
58848	0.253536
58850	0.253536
59494	0.253536
59496	0.253536
59498	0.253536
59500	0.253536
59502	0.253536
59504	0.253536
59506	0.253536
59508	0.253536
59510	0.253536
59512	0.253536
60162	0.253536
60164	0.253536
60166	0.253536
60168	0.253536
60170	0.253536
60172	0.253536
60174	0.253536
60176	0.253536
60178	0.253536
60180	0.253536
60836	0.253536
60838	0.253536
60840	0.253536
60842	0.253536
60844	0.253536
60846	0.253536
60848	0.253536
60850	0.253536
60852	0.253536
60854	0.253536
61504	0.253536
61506	0.253536
61508	0.253536
61510	0.253536
61512	0.253536
61514	0.253536
61516	0.253536
61518	0.253536
61520	0.253536
61522	0.253536
62172	0.253536
62174	0.253536
62176	0.253536
62178	0.253536
62180	0.253536
62182	0.253536
62184	0.253536
62186	0.253536
62188	0.253536
62190	0.253536
62834	0.253536
62836	0.253536
62838	0.253536
62840	0.253536
62842	0.253536
62844	0.253536
62846	0.253536
62848	0.253536
62850	0.253536
62852	0.253536
63508	0.253536
63510	0.253536
63512	0.253536
63514	0.253536
63516	0.253536
63518	0.253536
63520	0.253536
63522	0.253536
63524	0.253536
63526	0.253536
64182	0.253536
64184	0.253536
64186	0.253536
64188	0.253536
64190	0.253536
64192	0.253536
64194	0.253536
64196	0.253536
64198	0.253536
64200	0.253536
64844	0.253536
64846	0.253536
64848	0.253536
64850	0.253536
64852	0.253536
64854	0.253536
64856	0.253536
64858	0.253536
64860	0.253536
64862	0.253536
65524	0.253536
65526	0.253536
65528	0.253536
65530	0.253536
65532	0.253536
65534	0.253536
65536	0.253536
65538	0.253536
65540	0.253536
65542	0.253536
66204	0.253536
66206	0.253536
66208	0.253536
66210	0.253536
66212	0.253536
66214	0.253536
66216	0.253536
66218	0.253536
66220	0.253536
66222	0.253536
66878	0.253536
66880	0.253536
66882	0.253536
66884	0.253536
66886	0.253536
66888	0.253536
66890	0.253536
66892	0.253536
66894	0.253536
66896	0.253536
67552	0.253536
67554	0.253536
67556	0.253536
67558	0.253536
67560	0.253536
67562	0.253536
67564	0.253536
67566	0.253536
67568	0.253536
67570	0.253536
68220	0.253536
68222	0.253536
68224	0.253536
68226	0.253536
68228	0.253536
68230	0.253536
68232	0.253536
68234	0.253536
68236	0.253536
68238	0.253536
68894	0.253536
68896	0.253536
68898	0.253536
68900	0.253536
68902	0.253536
68904	0.253536
68906	0.253536
68908	0.253536
68910	0.253536
68912	0.253536
69568	0.253536
69570	0.253536
69572	0.253536
69574	0.253536
69576	0.253536
69578	0.253536
69580	0.253536
69582	0.253536
69584	0.253536
69586	0.253536
70236	0.253536
70238	0.253536
70240	0.253536
70242	0.253536
70244	0.253536
70246	0.253536
70248	0.253536
70250	0.253536
70252	0.253536
70254	0.253536
70898	0.253536
70900	0.253536
70902	0.253536
70904	0.253536
70906	0.253536
70908	0.253536
70910	0.253536
70912	0.253536
70914	0.253536
70916	0.253536
71572	0.253536
71574	0.253536
71576	0.253536
71578	0.253536
71580	0.253536
71582	0.253536
71584	0.253536
71586	0.253536
71588	0.253536
71590	0.253536
72240	0.253536
72242	0.253536
72244	0.253536
72246	0.253536
72248	0.253536
72250	0.253536
72252	0.253536
72254	0.253536
72256	0.253536
72258	0.253536
72908	0.253536
72910	0.253536
72912	0.253536
72914	0.253536
72916	0.253536
72918	0.253536
72920	0.253536
72922	0.253536
72924	0.253536
72926	0.253536
73576	0.253536
73578	0.253536
73580	0.253536
73582	0.253536
73584	0.253536
73586	0.253536
73588	0.253536
73590	0.253536
73592	0.253536
73594	0.253536
74232	0.253536
74234	0.253536
74236	0.253536
74238	0.253536
74240	0.253536
74242	0.253536
74244	0.253536
74246	0.253536
74248	0.253536
74250	0.253536
74906	0.253536
74908	0.253536
74910	0.253536
74912	0.253536
74914	0.253536
74916	0.253536
74918	0.253536
74920	0.253536
74922	0.253536
74924	0.253536
75580	0.253536
75582	0.253536
75584	0.253536
75586	0.253536
75588	0.253536
75590	0.253536
75592	0.253536
75594	0.253536
75596	0.253536
75598	0.253536
76248	0.253536
76250	0.253536
76252	0.253536
76254	0.253536
76256	0.253536
76258	0.253536
76260	0.253536
76262	0.253536
76264	0.253536
76266	0.253536
76922	0.253536
76924	0.253536
76926	0.253536
76928	0.253536
76930	0.253536
76932	0.253536
76934	0.253536
76936	0.253536
76938	0.253536
76940	0.253536
77590	0.253536
77592	0.253536
77594	0.253536
77596	0.253536
77598	0.253536
77600	0.253536
77602	0.253536
77604	0.253536
77606	0.253536
77608	0.253536
78252	0.253536
78254	0.253536
78256	0.253536
78258	0.253536
78260	0.253536
78262	0.253536
78264	0.253536
78266	0.253536
78268	0.253536
78270	0.253536
78914	0.253536
78916	0.253536
78918	0.253536
78920	0.253536
78922	0.253536
78924	0.253536
78926	0.253536
78928	0.253536
78930	0.253536
78932	0.253536
79582	0.253536
79584	0.253536
79586	0.253536
79588	0.253536
79590	0.253536
79592	0.253536
79594	0.253536
79596	0.253536
79598	0.253536
79600	0.253536
80256	0.253536
80258	0.253536
80260	0.253536
80262	0.253536
80264	0.253536
80266	0.253536
80268	0.253536
80270	0.253536
80272	0.253536
80274	0.253536
80924	0.253536
80926	0.253536
80928	0.253536
80930	0.253536
80932	0.253536
80934	0.253536
80936	0.253536
80938	0.253536
80940	0.253536
80942	0.253536
81592	0.253536
81594	0.253536
81596	0.253536
81598	0.253536
81600	0.253536
81602	0.253536
81604	0.253536
81606	0.253536
81608	0.253536
81610	0.253536
82248	0.253536
82250	0.253536
82252	0.253536
82254	0.253536
82256	0.253536
82258	0.253536
82260	0.253536
82262	0.253536
82264	0.253536
82266	0.253536
82922	0.253536
82924	0.253536
82926	0.253536
82928	0.253536
82930	0.253536
82932	0.253536
82934	0.253536
82936	0.253536
82938	0.253536
82940	0.253536
83584	0.253536
83586	0.253536
83588	0.253536
83590	0.253536
83592	0.253536
83594	0.253536
83596	0.253536
83598	0.253536
83600	0.253536
83602	0.253536
84258	0.253536
84260	0.253536
84262	0.253536
84264	0.253536
84266	0.253536
84268	0.253536
84270	0.253536
84272	0.253536
84274	0.253536
84276	0.253536
84932	0.253536
84934	0.253536
84936	0.253536
84938	0.253536
84940	0.253536
84942	0.253536
84944	0.253536
84946	0.253536
84948	0.253536
84950	0.253536
85606	0.253536
85608	0.253536
85610	0.253536
85612	0.253536
85614	0.253536
85616	0.253536
85618	0.253536
85620	0.253536
85622	0.253536
85624	0.253536
86286	0.253536
86288	0.253536
86290	0.253536
86292	0.253536
86294	0.253536
86296	0.253536
86298	0.253536
86300	0.253536
86302	0.253536
86304	0.253536
86960	0.253536
86962	0.253536
86964	0.253536
86966	0.253536
86968	0.253536
86970	0.253536
86972	0.253536
86974	0.253536
86976	0.253536
86978	0.253536
87634	0.253536
87636	0.253536
87638	0.253536
87640	0.253536
87642	0.253536
87644	0.253536
87646	0.253536
87648	0.253536
87650	0.253536
87652	0.253536
88302	0.253536
88304	0.253536
88306	0.253536
88308	0.253536
88310	0.253536
88312	0.253536
88314	0.253536
88316	0.253536
88318	0.253536
88320	0.253536
88976	0.253536
88978	0.253536
88980	0.253536
88982	0.253536
88984	0.253536
88986	0.253536
88988	0.253536
88990	0.253536
88992	0.253536
88994	0.253536
89644	0.253536
89646	0.253536
89648	0.253536
89650	0.253536
89652	0.253536
89654	0.253536
89656	0.253536
89658	0.253536
89660	0.253536
89662	0.253536
90312	0.253536
90314	0.253536
90316	0.253536
90318	0.253536
90320	0.253536
90322	0.253536
90324	0.253536
90326	0.253536
90328	0.253536
90330	0.253536
90986	0.253536
90988	0.253536
90990	0.253536
90992	0.253536
90994	0.253536
90996	0.253536
90998	0.253536
91000	0.253536
91002	0.253536
91004	0.253536
91654	0.253536
91656	0.253536
91658	0.253536
91660	0.253536
91662	0.253536
91664	0.253536
91666	0.253536
91668	0.253536
91670	0.253536
91672	0.253536
92298	0.253536
92300	0.253536
92302	0.253536
92304	0.253536
92306	0.253536
92308	0.253536
92310	0.253536
92312	0.253536
92314	0.253536
92316	0.253536
92972	0.253536
92974	0.253536
92976	0.253536
92978	0.253536
92980	0.253536
92982	0.253536
92984	0.253536
92986	0.253536
92988	0.253536
92990	0.253536
93640	0.253536
93642	0.253536
93644	0.253536
93646	0.253536
93648	0.253536
93650	0.253536
93652	0.253536
93654	0.253536
93656	0.253536
93658	0.253536
94320	0.253536
94322	0.253536
94324	0.253536
94326	0.253536
94328	0.253536
94330	0.253536
94332	0.253536
94334	0.253536
94336	0.253536
94338	0.253536
94994	0.253536
94996	0.253536
94998	0.253536
95000	0.253536
95002	0.253536
95004	0.253536
95006	0.253536
95008	0.253536
95010	0.253536
95012	0.253536
95656	0.253536
95658	0.253536
95660	0.253536
95662	0.253536
95664	0.253536
95666	0.253536
95668	0.253536
95670	0.253536
95672	0.253536
95674	0.253536
96330	0.253536
96332	0.253536
96334	0.253536
96336	0.253536
96338	0.253536
96340	0.253536
96342	0.253536
96344	0.253536
96346	0.253536
96348	0.253536
96992	0.253536
96994	0.253536
96996	0.253536
96998	0.253536
97000	0.253536
97002	0.253536
97004	0.253536
97006	0.253536
97008	0.253536
97010	0.253536
97654	0.253536
97656	0.253536
97658	0.253536
97660	0.253536
97662	0.253536
97664	0.253536
97666	0.253536
97668	0.253536
97670	0.253536
97672	0.253536
98334	0.253536
98336	0.253536
98338	0.253536
98340	0.253536
98342	0.253536
98344	0.253536
98346	0.253536
98348	0.253536
98350	0.253536
98352	0.253536
98990	0.253536
98992	0.253536
98994	0.253536
98996	0.253536
98998	0.253536
99000	0.253536
99002	0.253536
99004	0.253536
99006	0.253536
99008	0.253536
99658	0.253536
99660	0.253536
99662	0.253536
99664	0.253536
99666	0.253536
99668	0.253536
99670	0.253536
99672	0.253536
99674	0.253536
99676	0.253536
100332	0.253536
AM_1_1	37	0.202313	0.253536	18.005	980472
0	1.37437
2	1.37437
4	1.37437
6	1.37437
8	1.37437
10	1.37437
12	1.37437
14	1.37437
16	1.37437
2568	1.37437
2570	1.15981
2572	1.15981
2574	1.15981
2576	1.15981
2578	1.15981
2580	1.15981
2582	1.15981
2584	1.15981
2586	1.15981
3884	1.15981
3886	1.07917
3888	1.07917
3890	1.07917
3892	1.07917
3894	1.07917
3896	1.07917
3898	1.07917
3900	1.07917
3902	1.07917
5218	1.07917
5220	1.00982
5222	1.00982
5224	1.00982
5226	1.00982
5228	1.00982
5230	1.00982
5232	1.00982
5234	1.00982
5236	1.00982
6318	1.00982
6320	0.94726
6322	0.94726
6324	0.94726
6326	0.94726
6328	0.94726
6330	0.94726
6332	0.94726
6334	0.94726
6336	0.94726
7316	0.94726
7318	0.928709
7320	0.928709
7322	0.928709
7324	0.928709
7326	0.928709
7328	0.928709
7330	0.928709
7332	0.928709
7334	0.928709
8272	0.928709
8274	0.898554
8276	0.898554
8278	0.898554
8280	0.898554
8282	0.898554
8284	0.898554
8286	0.898554
8288	0.898554
8290	0.898554
9258	0.898554
9260	0.870615
9262	0.870615
9264	0.870615
9266	0.870615
9268	0.870615
9270	0.870615
9272	0.870615
9274	0.870615
9276	0.870615
10268	0.870615
10270	0.784619
10272	0.784619
10274	0.784619
10276	0.784619
10278	0.784619
10280	0.784619
10282	0.784619
10284	0.784619
10286	0.784619
11194	0.784619
11196	0.71997
11198	0.71997
11200	0.71997
11202	0.71997
11204	0.71997
11206	0.71997
11208	0.71997
11210	0.71997
11212	0.71997
12126	0.71997
12128	0.69744
12130	0.69744
12132	0.69744
12134	0.69744
12136	0.69744
12138	0.69744
12140	0.69744
12142	0.69744
12144	0.69744
12992	0.69744
12994	0.658734
12996	0.658734
12998	0.658734
13000	0.658734
13002	0.658734
13004	0.658734
13006	0.658734
13008	0.658734
13010	0.658734
13804	0.658734
13806	0.651895
13808	0.651895
13810	0.651895
13812	0.651895
13814	0.651895
13816	0.651895
13818	0.651895
13820	0.651895
13822	0.651895
14652	0.651895
14654	0.619807
14656	0.619807
14658	0.619807
14660	0.619807
14662	0.619807
14664	0.619807
14666	0.619807
14668	0.619807
14670	0.619807
15458	0.619807
15460	0.587198
15462	0.587198
15464	0.587198
15466	0.587198
15468	0.587198
15470	0.587198
15472	0.587198
15474	0.587198
15476	0.587198
16324	0.587198
16326	0.561863
16328	0.561863
16330	0.561863
16332	0.561863
16334	0.561863
16336	0.561863
16338	0.561863
16340	0.561863
16342	0.561863
17070	0.561863
17072	0.551506
17074	0.551506
17076	0.551506
17078	0.551506
17080	0.551506
17082	0.551506
17084	0.551506
17086	0.551506
17088	0.551506
17870	0.551506
17872	0.540304
17874	0.540304
17876	0.540304
17878	0.521824
17880	0.521824
17882	0.521824
17884	0.521824
17886	0.521824
17888	0.521824
18658	0.521824
18660	0.506478
18662	0.506478
18664	0.506478
18666	0.506478
18668	0.506478
18670	0.506478
18672	0.506478
18674	0.506478
18676	0.506478
19416	0.506478
19418	0.487948
19420	0.487948
19422	0.487948
19424	0.487948
19426	0.487948
19428	0.487948
19430	0.487948
19432	0.487948
19434	0.487948
20186	0.487948
20188	0.469731
20190	0.469731
20192	0.469731
20194	0.469731
20196	0.469731
20198	0.469731
20200	0.469731
20202	0.469731
20204	0.469731
20974	0.469731
20976	0.463655
20978	0.463655
20980	0.463655
20982	0.463655
20984	0.463655
20986	0.463655
20988	0.463655
20990	0.463655
20992	0.463655
21720	0.463655
21722	0.443511
21724	0.443511
21726	0.443511
21728	0.443511
21730	0.443511
21732	0.443511
21734	0.443511
21736	0.443511
21738	0.443511
22490	0.443511
22492	0.421978
22494	0.421978
22496	0.421978
22498	0.409191
22500	0.409191
22502	0.409191
22504	0.409191
22506	0.409191
22508	0.409191
23236	0.409191
23238	0.408571
23240	0.408571
23242	0.408571
23244	0.403264
23246	0.403264
23248	0.403264
23250	0.403264
23252	0.403264
23254	0.403264
23994	0.403264
23996	0.378509
23998	0.378509
24000	0.378509
24002	0.378509
24004	0.378509
24006	0.378509
24008	0.378509
24010	0.378509
24012	0.378509
24698	0.378509
24700	0.377618
24702	0.377618
24704	0.377618
24706	0.377618
24708	0.377618
24710	0.377618
24712	0.37723
24714	0.37723
24716	0.37723
25426	0.37723
25428	0.369691
25430	0.369691
25432	0.369691
25434	0.368149
25436	0.368149
25438	0.368149
25440	0.368149
25442	0.368149
25444	0.368149
26148	0.368149
26150	0.335821
26152	0.335821
26154	0.335821
26156	0.335821
26158	0.335821
26160	0.335821
26162	0.335821
26164	0.335821
26166	0.335821
26876	0.335821
26878	0.332901
26880	0.332901
26882	0.332901
26884	0.332901
26886	0.332901
26888	0.332901
26890	0.332901
26892	0.332901
26894	0.332901
27598	0.332901
27600	0.332901
27602	0.332901
27604	0.332901
27606	0.332901
27608	0.332901
27610	0.332901
27612	0.332901
27614	0.332901
27616	0.332901
28308	0.332901
28310	0.332901
28312	0.332901
28314	0.332901
28316	0.332901
28318	0.332901
28320	0.332901
28322	0.332901
28324	0.332901
28326	0.332901
29018	0.332901
29020	0.332705
29022	0.332705
29024	0.332705
29026	0.332705
29028	0.332705
29030	0.332705
29032	0.332705
29034	0.332705
29036	0.332705
29740	0.332705
29742	0.307101
29744	0.307101
29746	0.307101
29748	0.307101
29750	0.307101
29752	0.307101
29754	0.307101
29756	0.307101
29758	0.307101
30426	0.307101
30428	0.307101
30430	0.307101
30432	0.307101
30434	0.307101
30436	0.307101
30438	0.307101
30440	0.307101
30442	0.307101
30444	0.307101
31142	0.307101
31144	0.303821
31146	0.303821
31148	0.303821
31150	0.303821
31152	0.303821
31154	0.303821
31156	0.303821
31158	0.303821
31160	0.303821
31852	0.303821
31854	0.300495
31856	0.300495
31858	0.300495
31860	0.300495
31862	0.300495
31864	0.300495
31866	0.300495
31868	0.300495
31870	0.300495
32544	0.300495
32546	0.295353
32548	0.295353
32550	0.295353
32552	0.295353
32554	0.295353
32556	0.295353
32558	0.295353
32560	0.295353
32562	0.295353
33230	0.295353
33232	0.295353
33234	0.295353
33236	0.295353
33238	0.295353
33240	0.295353
33242	0.295353
33244	0.295353
33246	0.295353
33248	0.295353
33910	0.295353
33912	0.295353
33914	0.295353
33916	0.295353
33918	0.295353
33920	0.295353
33922	0.295353
33924	0.295353
33926	0.295353
33928	0.295353
34608	0.295353
34610	0.29518
34612	0.29518
34614	0.29518
34616	0.29518
34618	0.29518
34620	0.29518
34622	0.29518
34624	0.29518
34626	0.29518
35288	0.29518
35290	0.29518
35292	0.29518
35294	0.29518
35296	0.29518
35298	0.29518
35300	0.29518
35302	0.29518
35304	0.29518
35306	0.29518
35968	0.29518
35970	0.29518
35972	0.29518
35974	0.29518
35976	0.29518
35978	0.29518
35980	0.29518
35982	0.29518
35984	0.29518
35986	0.29518
36666	0.29518
36668	0.293608
36670	0.293608
36672	0.293608
36674	0.293608
36676	0.293608
36678	0.293608
36680	0.293608
36682	0.293608
36684	0.293608
37352	0.293608
37354	0.292593
37356	0.292593
37358	0.292593
37360	0.292593
37362	0.292593
37364	0.292593
37366	0.292593
37368	0.292593
37370	0.292593
38032	0.292593
38034	0.292593
38036	0.292593
38038	0.292593
38040	0.292593
38042	0.292593
38044	0.292593
38046	0.292593
38048	0.292593
38050	0.292593
38742	0.292593
38744	0.288284
38746	0.288284
38748	0.288284
38750	0.288284
38752	0.288284
38754	0.288284
38756	0.288284
38758	0.288284
38760	0.288284
39428	0.288284
39430	0.288284
39432	0.288284
39434	0.288284
39436	0.288284
39438	0.288284
39440	0.288284
39442	0.288284
39444	0.288284
39446	0.288284
40114	0.288284
40116	0.287377
40118	0.287377
40120	0.287377
40122	0.287377
40124	0.287377
40126	0.287377
40128	0.287377
40130	0.287377
40132	0.287377
40806	0.287377
40808	0.285431
40810	0.285431
40812	0.285431
40814	0.285431
40816	0.285431
40818	0.285431
40820	0.285431
40822	0.285431
40824	0.285431
41492	0.285431
41494	0.285017
41496	0.285017
41498	0.285017
41500	0.285017
41502	0.285017
41504	0.285017
41506	0.285017
41508	0.285017
41510	0.285017
42172	0.285017
42174	0.285017
42176	0.285017
42178	0.285017
42180	0.285017
42182	0.285017
42184	0.285017
42186	0.285017
42188	0.285017
42190	0.285017
42864	0.285017
42866	0.284637
42868	0.284637
42870	0.284637
42872	0.284637
42874	0.284637
42876	0.284637
42878	0.284637
42880	0.284637
42882	0.284637
43550	0.284637
43552	0.284637
43554	0.284637
43556	0.284637
43558	0.284637
43560	0.284637
43562	0.284637
43564	0.284637
43566	0.284637
43568	0.284637
44242	0.284637
44244	0.281361
44246	0.281361
44248	0.281361
44250	0.281361
44252	0.281361
44254	0.281361
44256	0.281361
44258	0.281361
44260	0.281361
44934	0.281361
44936	0.281361
44938	0.281361
44940	0.281361
44942	0.281361
44944	0.281361
44946	0.281361
44948	0.281361
44950	0.281361
44952	0.281361
45620	0.281361
45622	0.281062
45624	0.281062
45626	0.281062
45628	0.281062
45630	0.281062
45632	0.281062
45634	0.281062
45636	0.281062
45638	0.281062
46282	0.281062
46284	0.281062
46286	0.281062
46288	0.281062
46290	0.281062
46292	0.281062
46294	0.281062
46296	0.281062
46298	0.281062
46300	0.281062
46980	0.281062
46982	0.278448
46984	0.278448
46986	0.278448
46988	0.278448
46990	0.278448
46992	0.278448
46994	0.278448
46996	0.278448
46998	0.278448
47666	0.278448
47668	0.275981
47670	0.275981
47672	0.275981
47674	0.275981
47676	0.275981
47678	0.275981
47680	0.275981
47682	0.275981
47684	0.275981
48358	0.275981
48360	0.274816
48362	0.274816
48364	0.274816
48366	0.274816
48368	0.274816
48370	0.274816
48372	0.274816
48374	0.274816
48376	0.274816
49050	0.274816
49052	0.272923
49054	0.272923
49056	0.272923
49058	0.272923
49060	0.272923
49062	0.272923
49064	0.272923
49066	0.272923
49068	0.272923
49736	0.272923
49738	0.271202
49740	0.271202
49742	0.271202
49744	0.271202
49746	0.271202
49748	0.271202
49750	0.271202
49752	0.271202
49754	0.271202
50410	0.271202
50412	0.271202
50414	0.271202
50416	0.271202
50418	0.271202
50420	0.271202
50422	0.271202
50424	0.271202
50426	0.271202
50428	0.271202
51108	0.271202
51110	0.27004
51112	0.27004
51114	0.27004
51116	0.27004
51118	0.27004
51120	0.27004
51122	0.27004
51124	0.27004
51126	0.27004
51776	0.27004
51778	0.27004
51780	0.27004
51782	0.27004
51784	0.27004
51786	0.27004
51788	0.27004
51790	0.27004
51792	0.27004
51794	0.27004
52468	0.27004
52470	0.26726
52472	0.26726
52474	0.26726
52476	0.26726
52478	0.26726
52480	0.26726
52482	0.26726
52484	0.26726
52486	0.26726
53148	0.26726
53150	0.26726
53152	0.26726
53154	0.26726
53156	0.26726
53158	0.26726
53160	0.26726
53162	0.26726
53164	0.26726
53166	0.26726
53828	0.26726
53830	0.26726
53832	0.26726
53834	0.26726
53836	0.26726
53838	0.26726
53840	0.26726
53842	0.26726
53844	0.26726
53846	0.26726
54508	0.26726
54510	0.26726
54512	0.26726
54514	0.26726
54516	0.26726
54518	0.26726
54520	0.26726
54522	0.26726
54524	0.26726
54526	0.26726
55188	0.26726
55190	0.26726
55192	0.26726
55194	0.26726
55196	0.26726
55198	0.26726
55200	0.26726
55202	0.26726
55204	0.26726
55206	0.26726
55868	0.26726
55870	0.26726
55872	0.26726
55874	0.26726
55876	0.26726
55878	0.26726
55880	0.26726
55882	0.26726
55884	0.26726
55886	0.26726
56542	0.26726
56544	0.26726
56546	0.26726
56548	0.26726
56550	0.26726
56552	0.26726
56554	0.26726
56556	0.26726
56558	0.26726
56560	0.26726
57222	0.26726
57224	0.266847
57226	0.266847
57228	0.266847
57230	0.266847
57232	0.266847
57234	0.266847
57236	0.266847
57238	0.266847
57240	0.266847
57902	0.266847
57904	0.266847
57906	0.266847
57908	0.266847
57910	0.266847
57912	0.266847
57914	0.266847
57916	0.266847
57918	0.266847
57920	0.266847
58582	0.266847
58584	0.266847
58586	0.266847
58588	0.266847
58590	0.266847
58592	0.266847
58594	0.266847
58596	0.266847
58598	0.266847
58600	0.266847
59244	0.266847
59246	0.266847
59248	0.266847
59250	0.266847
59252	0.266847
59254	0.266847
59256	0.266847
59258	0.266847
59260	0.266847
59262	0.266847
59912	0.266847
59914	0.266847
59916	0.266847
59918	0.266847
59920	0.266847
59922	0.266847
59924	0.266847
59926	0.266847
59928	0.266847
59930	0.266847
60586	0.266847
60588	0.266847
60590	0.266847
60592	0.266847
60594	0.266847
60596	0.266847
60598	0.266847
60600	0.266847
60602	0.266847
60604	0.266847
61248	0.266847
61250	0.266847
61252	0.266847
61254	0.266847
61256	0.266847
61258	0.266847
61260	0.266847
61262	0.266847
61264	0.266847
61266	0.266847
61928	0.266847
61930	0.266847
61932	0.266847
61934	0.266847
61936	0.266847
61938	0.266847
61940	0.266847
61942	0.266847
61944	0.266847
61946	0.266847
62590	0.266847
62592	0.266847
62594	0.266847
62596	0.266847
62598	0.266847
62600	0.266847
62602	0.266847
62604	0.266847
62606	0.266847
62608	0.266847
63270	0.266847
63272	0.266847
63274	0.266847
63276	0.266847
63278	0.266847
63280	0.266847
63282	0.266847
63284	0.266847
63286	0.266847
63288	0.266847
63944	0.266847
63946	0.266847
63948	0.266847
63950	0.266847
63952	0.266847
63954	0.266847
63956	0.266847
63958	0.266847
63960	0.266847
63962	0.266847
64618	0.266847
64620	0.266847
64622	0.266847
64624	0.266847
64626	0.266847
64628	0.266847
64630	0.266847
64632	0.266847
64634	0.266847
64636	0.266847
65292	0.266847
65294	0.266847
65296	0.266847
65298	0.266847
65300	0.266847
65302	0.266847
65304	0.266847
65306	0.266847
65308	0.266847
65310	0.266847
65960	0.266847
65962	0.266847
65964	0.266847
65966	0.266847
65968	0.266847
65970	0.266847
65972	0.266847
65974	0.266847
65976	0.266847
65978	0.266847
66628	0.266847
66630	0.266847
66632	0.266847
66634	0.266847
66636	0.266847
66638	0.266847
66640	0.266847
66642	0.266847
66644	0.266847
66646	0.266847
67302	0.266847
67304	0.266847
67306	0.266847
67308	0.266847
67310	0.266847
67312	0.266847
67314	0.266847
67316	0.266847
67318	0.266847
67320	0.266847
67970	0.266847
67972	0.266847
67974	0.266847
67976	0.266847
67978	0.266847
67980	0.266847
67982	0.266847
67984	0.266847
67986	0.266847
67988	0.266847
68650	0.266847
68652	0.266847
68654	0.266847
68656	0.266847
68658	0.266847
68660	0.266847
68662	0.266847
68664	0.266847
68666	0.266847
68668	0.266847
69330	0.266847
69332	0.266847
69334	0.266847
69336	0.266847
69338	0.266847
69340	0.266847
69342	0.266847
69344	0.266847
69346	0.266847
69348	0.266847
70010	0.266847
70012	0.266847
70014	0.266847
70016	0.266847
70018	0.266847
70020	0.266847
70022	0.266847
70024	0.266847
70026	0.266847
70028	0.266847
70684	0.266847
70686	0.266847
70688	0.266847
70690	0.266847
70692	0.266847
70694	0.266847
70696	0.266847
70698	0.266847
70700	0.266847
70702	0.266847
71352	0.266847
71354	0.266847
71356	0.266847
71358	0.266847
71360	0.266847
71362	0.266847
71364	0.266847
71366	0.266847
71368	0.266847
71370	0.266847
72032	0.266847
72034	0.266847
72036	0.266847
72038	0.266847
72040	0.266847
72042	0.266847
72044	0.266847
72046	0.266847
72048	0.266847
72050	0.266847
72706	0.266847
72708	0.266847
72710	0.266847
72712	0.266847
72714	0.266847
72716	0.266847
72718	0.266847
72720	0.266847
72722	0.266847
72724	0.266847
73380	0.266847
73382	0.266847
73384	0.266847
73386	0.266847
73388	0.266847
73390	0.266847
73392	0.266847
73394	0.266847
73396	0.266847
73398	0.266847
74060	0.266847
74062	0.266847
74064	0.266847
74066	0.266847
74068	0.266847
74070	0.266847
74072	0.266847
74074	0.266847
74076	0.266847
74078	0.266847
74728	0.266847
74730	0.266847
74732	0.266847
74734	0.266847
74736	0.266847
74738	0.266847
74740	0.266847
74742	0.266847
74744	0.266847
74746	0.266847
75408	0.266847
75410	0.266847
75412	0.266847
75414	0.266847
75416	0.266847
75418	0.266847
75420	0.266847
75422	0.266847
75424	0.266847
75426	0.266847
76088	0.266847
76090	0.266847
76092	0.266847
76094	0.266847
76096	0.266847
76098	0.266847
76100	0.266847
76102	0.266847
76104	0.266847
76106	0.266847
76762	0.266847
76764	0.266847
76766	0.266847
76768	0.266847
76770	0.266847
76772	0.266847
76774	0.266847
76776	0.266847
76778	0.266847
76780	0.266847
77436	0.266847
77438	0.266847
77440	0.266847
77442	0.266847
77444	0.266847
77446	0.266847
77448	0.266847
77450	0.266847
77452	0.266847
77454	0.266847
78116	0.266847
78118	0.266847
78120	0.266847
78122	0.266847
78124	0.266847
78126	0.266847
78128	0.266847
78130	0.266847
78132	0.266847
78134	0.266847
78784	0.266847
78786	0.266847
78788	0.266847
78790	0.266847
78792	0.266847
78794	0.266847
78796	0.266847
78798	0.266847
78800	0.266847
78802	0.266847
79458	0.266847
79460	0.266847
79462	0.266847
79464	0.266847
79466	0.266847
79468	0.266847
79470	0.266847
79472	0.266847
79474	0.266847
79476	0.266847
80138	0.266847
80140	0.266847
80142	0.266847
80144	0.266847
80146	0.266847
80148	0.266847
80150	0.266847
80152	0.266847
80154	0.266847
80156	0.266847
80812	0.266847
80814	0.266847
80816	0.266847
80818	0.266847
80820	0.266847
80822	0.266847
80824	0.266847
80826	0.266847
80828	0.266847
80830	0.266847
81486	0.266847
81488	0.266847
81490	0.266847
81492	0.266847
81494	0.266847
81496	0.266847
81498	0.266847
81500	0.266847
81502	0.266847
81504	0.266847
82160	0.266847
82162	0.266847
82164	0.266847
82166	0.266847
82168	0.266847
82170	0.266847
82172	0.266847
82174	0.266847
82176	0.266847
82178	0.266847
82834	0.266847
82836	0.266847
82838	0.266847
82840	0.266847
82842	0.266847
82844	0.266847
82846	0.266847
82848	0.266847
82850	0.266847
82852	0.266847
83502	0.266847
83504	0.266847
83506	0.266847
83508	0.266847
83510	0.266847
83512	0.266847
83514	0.266847
83516	0.266847
83518	0.266847
83520	0.266847
84176	0.266847
84178	0.266847
84180	0.266847
84182	0.266847
84184	0.266847
84186	0.266847
84188	0.266847
84190	0.266847
84192	0.266847
84194	0.266847
84856	0.266847
84858	0.266847
84860	0.266847
84862	0.266847
84864	0.266847
84866	0.266847
84868	0.266847
84870	0.266847
84872	0.266847
84874	0.266847
85536	0.266847
85538	0.266847
85540	0.266847
85542	0.266847
85544	0.266847
85546	0.266847
85548	0.266847
85550	0.266847
85552	0.266847
85554	0.266847
86210	0.266847
86212	0.266847
86214	0.266847
86216	0.266847
86218	0.266847
86220	0.266847
86222	0.266847
86224	0.266847
86226	0.266847
86228	0.266847
86872	0.266847
86874	0.266847
86876	0.266847
86878	0.266847
86880	0.266847
86882	0.266847
86884	0.266847
86886	0.266847
86888	0.266847
86890	0.266847
87546	0.266847
87548	0.266847
87550	0.266847
87552	0.266847
87554	0.266847
87556	0.266847
87558	0.266847
87560	0.266847
87562	0.266847
87564	0.266847
88226	0.266847
88228	0.266847
88230	0.266847
88232	0.266847
88234	0.266847
88236	0.266847
88238	0.266847
88240	0.266847
88242	0.266847
88244	0.266847
88900	0.266847
88902	0.266847
88904	0.266847
88906	0.266847
88908	0.266847
88910	0.266847
88912	0.266847
88914	0.266847
88916	0.266847
88918	0.266847
89574	0.266847
89576	0.266847
89578	0.266847
89580	0.266847
89582	0.266847
89584	0.266847
89586	0.266847
89588	0.266847
89590	0.266847
89592	0.266847
90254	0.266847
90256	0.266847
90258	0.266847
90260	0.266847
90262	0.266847
90264	0.266847
90266	0.266847
90268	0.266847
90270	0.266847
90272	0.266847
90922	0.266847
90924	0.266847
90926	0.266847
90928	0.266847
90930	0.266847
90932	0.266847
90934	0.266847
90936	0.266847
90938	0.266847
90940	0.266847
91590	0.266847
91592	0.266847
91594	0.266847
91596	0.266847
91598	0.266847
91600	0.266847
91602	0.266847
91604	0.266847
91606	0.266847
91608	0.266847
92264	0.266847
92266	0.266847
92268	0.266847
92270	0.266847
92272	0.266847
92274	0.266847
92276	0.266847
92278	0.266847
92280	0.266847
92282	0.266847
92932	0.266847
92934	0.266847
92936	0.266847
92938	0.266847
92940	0.266847
92942	0.266847
92944	0.266847
92946	0.266847
92948	0.266847
92950	0.266847
93600	0.266847
93602	0.266847
93604	0.266847
93606	0.266847
93608	0.266847
93610	0.266847
93612	0.266847
93614	0.266847
93616	0.266847
93618	0.266847
94268	0.266847
94270	0.266847
94272	0.266847
94274	0.266847
94276	0.266847
94278	0.266847
94280	0.266847
94282	0.266847
94284	0.266847
94286	0.266847
94948	0.266847
94950	0.266847
94952	0.266847
94954	0.266847
94956	0.266847
94958	0.266847
94960	0.266847
94962	0.266847
94964	0.266847
94966	0.266847
95622	0.266847
95624	0.266847
95626	0.266847
95628	0.266847
95630	0.266847
95632	0.266847
95634	0.266847
95636	0.266847
95638	0.266847
95640	0.266847
96296	0.266847
96298	0.266847
96300	0.266847
96302	0.266847
96304	0.266847
96306	0.266847
96308	0.266847
96310	0.266847
96312	0.266847
96314	0.266847
96964	0.266847
96966	0.266847
96968	0.266847
96970	0.266847
96972	0.266847
96974	0.266847
96976	0.266847
96978	0.266847
96980	0.266847
96982	0.266847
97638	0.266847
97640	0.266847
97642	0.266847
97644	0.266847
97646	0.266847
97648	0.266847
97650	0.266847
97652	0.266847
97654	0.266847
97656	0.266847
98312	0.266847
98314	0.266847
98316	0.266847
98318	0.266847
98320	0.266847
98322	0.266847
98324	0.266847
98326	0.266847
98328	0.266847
98330	0.266847
98986	0.266847
98988	0.266847
98990	0.266847
98992	0.266847
98994	0.266847
98996	0.266847
98998	0.266847
99000	0.266847
99002	0.266847
99004	0.266847
99654	0.266847
99656	0.266847
99658	0.266847
99660	0.266847
99662	0.266847
99664	0.266847
99666	0.266847
99668	0.266847
99670	0.266847
99672	0.266847
100328	0.266847
AM_1_1best	14	0.247466	0.266847	18.3757	980472
