[1/5]
AGG_UN	352	0.137209	0.20225	306.355	860681
AGG_SF	501	0.148488	0.24106	354.083	860681
AGE_UN	172	0.12873	0.160511	418.602	860681
AGE_SF	200	0.124403	0.161358	424.447	860681
[2/5]
AGG_UN	260	0.135857	0.183898	415.698	980472
AGG_SF	313	0.144467	0.202301	424.02	980472
AGE_UN	264	0.121297	0.170078	424.737	980472
AGE_SF	199	0.126613	0.163383	405.35	980472
[3/5]
AGG_UN	265	0.138231	0.187196	422.744	206894
AGG_SF	325	0.13765	0.197701	409.972	206894
AGE_UN	183	0.128564	0.162378	420.226	206894
AGE_SF	213	0.125825	0.165182	412.6	206894
[4/5]
AGG_UN	315	0.155802	0.214006	424.302	954919
AGG_SF	365	0.139208	0.20665	410.069	954919
AGE_UN	155	0.130028	0.158668	449.891	954919
AGE_SF	183	0.122202	0.156016	428.921	954919
[5/5]
AGG_UN	268	0.138289	0.187809	381.382	426969
AGG_SF	404	0.142301	0.21695	288.597	426969
AGE_UN	179	0.130851	0.163925	294.823	426969
AGE_SF	172	0.126123	0.157904	294.42	426969
