[1/5]
AGG_UN	166	0.136007	0.194956	349.727	860681
AGG_SF	190	0.140114	0.207585	350.711	860681
AGE_UN	175	0.135144	0.197289	351.263	860681
AGE_SF	178	0.131606	0.194816	336.527	860681
[2/5]
AGG_UN	184	0.146747	0.212088	313.892	980472
AGG_SF	182	0.131726	0.196357	289.697	980472
AGE_UN	134	0.136377	0.183962	296.514	980472
AGE_SF	169	0.147129	0.207143	289.946	980472
[3/5]
AGG_UN	207	0.144976	0.218485	286.63	206894
AGG_SF	217	0.144776	0.221836	287.347	206894
AGE_UN	100	0.136296	0.171807	288.252	206894
AGE_SF	105	0.139922	0.177209	294.836	206894
[4/5]
AGG_UN	195	0.130648	0.199895	296.087	954919
AGG_SF	233	0.136916	0.219657	290.714	954919
AGE_UN	161	0.132007	0.189181	307.302	954919
AGE_SF	136	0.126014	0.17431	296.41	954919
[5/5]
AGG_UN	169	0.138763	0.198777	294.707	426969
AGG_SF	183	0.130886	0.195871	299.571	426969
AGE_UN	192	0.130171	0.198352	300.593	426969
AGE_SF	204	0.141854	0.214297	289.452	426969
