[1/5]
AGG_UN	31	0.214701	0.257617	128.931	860681
AGG_SF	19	0.243816	0.270119	128.872	860681
AGE_UN	25	0.248568	0.283179	135.974	860681
AGE_SF	23	0.232596	0.264437	133.452	860681
[2/5]
AGG_UN	25	0.243714	0.278324	132.769	980472
AGG_SF	59	0.188252	0.269932	131.737	980472
AGE_UN	17	0.248329	0.271864	131.622	980472
AGE_SF	56	0.193627	0.271154	135.317	980472
[3/5]
AGG_UN	62	0.189554	0.275387	128.995	206894
AGG_SF	46	0.217554	0.281237	128.408	206894
AGE_UN	62	0.186167	0.272	132.677	206894
AGE_SF	44	0.195563	0.256477	127.486	206894
[4/5]
AGG_UN	21	0.237743	0.266816	113.174	954919
AGG_SF	44	0.19797	0.258884	103.178	954919
AGE_UN	26	0.253848	0.289843	110.846	954919
AGE_SF	28	0.225641	0.264404	104.42	954919
[5/5]
AGG_UN	30	0.241584	0.283116	102.787	426969
AGG_SF	36	0.212479	0.262317	99.348	426969
AGE_UN	48	0.19287	0.259321	101.744	426969
AGE_SF	31	0.211971	0.254888	105.656	426969
