[1/5]
AGG_UN	104	0.210979	0.287151	104.103	860681
AGG_SF	98	0.211657	0.283434	106.046	860681
AGE_UN	113	0.210141	0.292904	106.232	860681
AGE_SF	30	0.249694	0.271667	101.461	860681
[2/5]
AGG_UN	40	0.250346	0.279643	105.374	980472
AGG_SF	34	0.249857	0.27476	100.694	980472
AGE_UN	108	0.21105	0.290152	102.91	980472
AGE_SF	43	0.250349	0.281843	101.494	980472
[3/5]
AGG_UN	40	0.250353	0.27965	91.1879	206894
AGG_SF	42	0.249458	0.28022	91.9497	206894
AGE_UN	42	0.249987	0.280749	96.7935	206894
AGE_SF	52	0.249937	0.288023	101.039	206894
[4/5]
AGG_UN	32	0.251052	0.27449	101.063	954919
AGG_SF	56	0.249782	0.290797	104.039	954919
AGE_UN	110	0.215927	0.296494	103.035	954919
AGE_SF	47	0.249302	0.283726	107.223	954919
[5/5]
AGG_UN	114	0.210789	0.294285	108.604	426969
AGG_SF	34	0.246436	0.271339	105.728	426969
AGE_UN	112	0.213396	0.295427	110.956	426969
AGE_SF	30	0.249727	0.2717	113.016	426969
