[1/5]
AGG_UN	35	0.761332	0.914841	67.2724	860681
AGG_SF	35	0.623302	0.77681	66.9089	860681
AGE_UN	42	0.642665	0.826875	68.813	860681
AGE_SF	51	0.614822	0.838506	69.6304	860681
[2/5]
AGG_UN	24	0.716722	0.821985	66.7259	980472
AGG_SF	18	0.756261	0.835208	65.996	980472
AGE_UN	30	0.714599	0.846178	67.69	980472
AGE_SF	8	0.803886	0.838974	67.6787	980472
[3/5]
AGG_UN	33	0.632537	0.777274	66.1929	206894
AGG_SF	45	0.62126	0.818628	67.0266	206894
AGE_UN	37	0.598492	0.760773	68.1274	206894
AGE_SF	26	0.71114	0.825176	67.529	206894
[4/5]
AGG_UN	32	0.713417	0.853768	66.6575	954919
AGG_SF	16	0.738981	0.809157	65.861	954919
AGE_UN	29	0.617326	0.744519	66.8114	954919
AGE_SF	37	0.614826	0.777107	67.1498	954919
[5/5]
AGG_UN	25	0.738981	0.848631	65.3211	426969
AGG_SF	31	0.71821	0.854175	65.6933	426969
AGE_UN	18	0.735568	0.814515	67.6301	426969
AGE_SF	36	0.737841	0.895736	66.474	426969
