[1/5]
AGG_UN	12	0.621508	0.720273	66.1469	860681
AGG_SF	8	0.61253	0.678374	67.2217	860681
AGE_UN	21	0.768276	0.941115	66.9685	860681
AGE_SF	9	0.617589	0.691663	67.2728	860681
[2/5]
AGG_UN	13	0.606921	0.713917	65.6892	980472
AGG_SF	13	0.609557	0.716553	65.795	980472
AGE_UN	14	0.715005	0.830232	66.7752	980472
AGE_SF	11	0.611006	0.701541	66.9283	980472
[3/5]
AGG_UN	10	0.671833	0.754138	65.6515	206894
AGG_SF	8	0.669451	0.735295	66.7703	206894
AGE_UN	18	0.607411	0.755559	69.3291	206894
AGE_SF	24	0.774765	0.972296	68.1962	206894
[4/5]
AGG_UN	13	0.659224	0.76622	65.8118	954919
AGG_SF	7	0.755151	0.812764	65.9504	954919
AGE_UN	13	0.632099	0.739095	68.1157	954919
AGE_SF	15	0.619472	0.742929	67.0591	954919
[5/5]
AGG_UN	14	0.620267	0.735493	66.6044	426969
AGG_SF	17	0.657593	0.79751	68.0186	426969
AGE_UN	11	0.780908	0.871443	68.1028	426969
AGE_SF	10	0.602761	0.685065	68.0322	426969
