ZOO
BMB	9	0.617829	0.691903	5.29518	860681
BMB	10	0.617217	0.699522	5.1018	980472
BMB	11	0.629907	0.720442	5.15649	206894
BMB	9	0.61324	0.687314	4.54796	954919
BMB	10	0.623538	0.705842	4.59917	426969
GLASS
BMB	31	0.21148	0.254396	18.5838	860681
BMB	51	0.185209	0.255813	19.5744	980472
BMB	28	0.227799	0.266562	19.9359	206894
BMB	52	0.187794	0.259783	20.0149	954919
BMB	32	0.211974	0.256275	19.3055	426969
BUPA
BMB	420	0.170465	0.319613	66.5496	860681
BMB	448	0.151212	0.310303	69.8203	980472
BMB	424	0.164329	0.314897	67.4337	206894
BMB	340	0.165354	0.286093	67.8245	954919
BMB	375	0.153536	0.286704	70.7756	426969
