ZOO
BMB	14	0.743321	0.804724	4.37803	860681
BMB	11	0.738038	0.786284	3.93531	980472
BMB	9	0.723794	0.763268	3.84866	206894
BMB	39	0.598241	0.769293	4.18833	954919
BMB	18	0.714041	0.792988	4.51994	426969
GLASS
BMB	31	0.248821	0.271526	18.0174	860681
BMB	36	0.243035	0.269402	18.0122	980472
BMB	31	0.241654	0.26436	17.18	206894
BMB	30	0.241691	0.263663	17.9976	954919
BMB	29	0.25059	0.27183	17.9877	426969
BUPA
BMB	744	0.157718	0.295191	72.9973	860681
BMB	650	0.153988	0.274091	70.8802	980472
BMB	648	0.161448	0.281182	70.454	206894
BMB	663	0.166623	0.289128	69.8475	954919
BMB	720	0.163204	0.296241	70.9932	426969
