ZOO
ES	20	0.758478	0.923088	0.503541	860681
ES	11	0.641073	0.731608	0.55802	980472
ES	18	0.702461	0.850609	0.387912	206894
ES	11	0.610507	0.701042	0.561161	954919
ES	17	0.709947	0.849864	0.732547	426969
GLASS
ES	48	0.230801	0.297252	1.26029	860681
ES	47	0.213129	0.278196	1.31555	980472
ES	73	0.189308	0.29037	1.30855	206894
ES	52	0.199242	0.271231	1.58135	954919
ES	39	0.261455	0.315447	1.14495	426969
BUPA
ES	127	0.119063	0.164163	10.1518	860681
ES	107	0.121842	0.159839	14.5885	980472
ES	136	0.123479	0.171775	9.81104	206894
ES	87	0.121858	0.152753	12.7044	954919
ES	78	0.122007	0.149706	12.158	426969
