ZOO
ES	72	0.606308	0.922097	0.458984	860681
ES	65	0.855446	1.14053	0.336535	980472
ES	38	0.771787	0.938454	0.284728	206894
ES	31	0.729943	0.865908	0.290132	954919
ES	30	0.761582	0.893161	0.295662	426969
GLASS
ES	71	0.252232	0.304234	1.30951	860681
ES	114	0.25006	0.333556	1.6202	980472
ES	78	0.253165	0.310294	1.15381	206894
ES	64	0.253911	0.300786	0.821113	954919
ES	62	0.251017	0.296427	1.33949	426969
BUPA
ES	185	0.129808	0.163992	13.9399	860681
ES	157	0.127076	0.156086	13.0711	980472
ES	248	0.120396	0.16622	10.946	206894
ES	115	0.131178	0.152427	16.0636	954919
ES	174	0.120452	0.152603	11.5102	426969
