[1/5]
AGG_UN	736	0.148749	0.284743	288.45	860681
AGG_SF	794	0.161323	0.308034	288.03	860681
AGE_UN	172	0.12873	0.160511	288.9	860681
AGE_SF	200	0.124403	0.161358	288.621	860681
[2/5]
AGG_UN	500	0.150661	0.243048	284.813	980472
AGG_SF	728	0.149035	0.283551	284.811	980472
AGE_UN	264	0.121297	0.170078	286.278	980472
AGE_SF	199	0.126613	0.163383	285.318	980472
[3/5]
AGG_UN	547	0.138091	0.239163	286.674	206894
AGG_SF	462	0.148812	0.234178	289.312	206894
AGE_UN	183	0.128564	0.162378	299.671	206894
AGE_SF	213	0.125825	0.165182	299.773	206894
[4/5]
AGG_UN	593	0.150046	0.259617	294.305	954919
AGG_SF	400	0.152549	0.226459	297.726	954919
AGE_UN	155	0.130028	0.158668	299.144	954919
AGE_SF	183	0.122202	0.156016	300.177	954919
[5/5]
AGG_UN	624	0.154483	0.269782	296.793	426969
AGG_SF	482	0.140665	0.229726	303.712	426969
AGE_UN	179	0.130851	0.163925	299.639	426969
AGE_SF	172	0.126123	0.157904	296.335	426969
[1/5]
AGE_UN	605	0.15389	0.265679	316.806	860681
AGE_SF	779	0.154007	0.297947	310.267	860681
[2/5]
AGE_UN	774	0.161835	0.304851	300.049	980472
AGE_SF	978	0.169859	0.350568	300.212	980472
[3/5]
AGE_UN	1004	0.153107	0.338621	301.071	206894
AGE_SF	1091	0.15505	0.356639	299.341	206894
[4/5]
AGE_UN	653	0.161674	0.282332	327.422	954919
AGE_SF	960	0.166621	0.344005	317.474	954919
[5/5]
AGE_UN	985	0.166139	0.348142	310.132	426969
AGE_SF	905	0.162988	0.330209	315.852	426969
