[1/5]
AM_10_1	689	0.219913	0.464586	100.705	860681
AM_1_1	219	0.152769	0.230539	64.0543	860681
AM_1_1best	230	0.161752	0.243428	62.7208	860681
[2/5]
AM_10_1	634	0.227658	0.4528	104.594	980472
AM_1_1	247	0.160871	0.248584	64.593	980472
AM_1_1best	192	0.164273	0.232455	62.6273	980472
[3/5]
AM_10_1	723	0.21302	0.469767	102.915	206894
AM_1_1	194	0.15759	0.226482	64.3224	206894
AM_1_1best	149	0.150495	0.203407	62.9637	206894
[4/5]
AM_10_1	707	0.214964	0.466029	102.985	954919
AM_1_1	212	0.158769	0.234053	63.7257	954919
AM_1_1best	215	0.153079	0.229428	63.9215	954919
[5/5]
AM_10_1	668	0.221025	0.458241	102.41	426969
AM_1_1	215	0.156138	0.232487	62.8133	426969
AM_1_1best	214	0.144781	0.220775	62.7002	426969
