[1/5]
AGG_UN	342	0.156946	0.278395	303.549	860681
AGG_SF	322	0.157934	0.27228	302.037	860681
AGE_UN	175	0.135144	0.197289	281.48	860681
AGE_SF	178	0.131606	0.194816	281.279	860681
[2/5]
AGG_UN	418	0.152449	0.300886	280.294	980472
AGG_SF	403	0.156048	0.299159	292.765	980472
AGE_UN	134	0.136377	0.183962	281.198	980472
AGE_SF	169	0.147129	0.207143	281.629	980472
[3/5]
AGG_UN	252	0.133959	0.223448	279.519	206894
AGG_SF	238	0.168186	0.252703	279.473	206894
AGE_UN	100	0.136296	0.171807	281.681	206894
AGE_SF	105	0.139922	0.177209	280.938	206894
[4/5]
AGG_UN	283	0.164	0.264497	279.851	954919
AGG_SF	253	0.148138	0.237982	279.953	954919
AGE_UN	161	0.132007	0.189181	281.772	954919
AGE_SF	136	0.126014	0.17431	281.314	954919
[5/5]
AGG_UN	351	0.152847	0.277492	278.118	426969
AGG_SF	419	0.140463	0.289255	279.02	426969
AGE_UN	192	0.130171	0.198352	280.428	426969
AGE_SF	204	0.141854	0.214297	280.496	426969
[1/5]
AGE_UN	381	0.158248	0.293546	293.952	860681
AGE_SF	474	0.16695	0.335274	296.523	860681
[2/5]
AGE_UN	457	0.178919	0.341206	297.995	980472
AGE_SF	562	0.162165	0.361738	299.692	980472
[3/5]
AGE_UN	610	0.180302	0.396921	289.661	206894
AGE_SF	447	0.162804	0.321539	285.967	206894
[4/5]
AGE_UN	470	0.174197	0.3411	288.878	954919
AGE_SF	471	0.174564	0.341823	292.759	954919
[5/5]
AGE_UN	522	0.161019	0.346388	296.206	426969
AGE_SF	485	0.175077	0.347307	296.993	426969
