[1/5]
AM_10_1	1088	0.209437	0.410471	112.477	860681
AM_1_1	325	0.160069	0.220121	62.9483	860681
AM_1_1best	303	0.15246	0.208447	63.048	860681
[2/5]
AM_10_1	1260	0.212078	0.444894	109.918	980472
AM_1_1	318	0.163631	0.222389	65.2024	980472
AM_1_1best	217	0.148524	0.18862	63.5924	980472
[3/5]
AM_10_1	1286	0.217364	0.454984	108.189	206894
AM_1_1	288	0.152823	0.206038	64.0123	206894
AM_1_1best	375	0.148127	0.217418	64.8802	206894
[4/5]
AM_10_1	1256	0.207521	0.439598	111.669	954919
AM_1_1	338	0.149325	0.211779	64.4542	954919
AM_1_1best	334	0.152152	0.213867	64.3881	954919
[5/5]
AM_10_1	1219	0.215144	0.440384	109.291	426969
AM_1_1	201	0.152201	0.189341	64.1663	426969
AM_1_1best	330	0.150678	0.211654	63.1027	426969
