[1/5]
AM_10_1	251	0.341029	0.688514	19.2408	860681
AM_1_1	36	0.214538	0.264376	18.33	860681
AM_1_1best	13	0.254511	0.272508	18.8005	860681
[2/5]
AM_10_1	268	0.312519	0.683539	19.5729	980472
AM_1_1	37	0.202313	0.253536	17.9896	980472
AM_1_1best	14	0.247466	0.266847	17.0711	980472
[3/5]
AM_10_1	172	0.344067	0.582184	19.2988	206894
AM_1_1	18	0.245411	0.27033	17.2071	206894
AM_1_1best	30	0.212041	0.253573	17.7957	206894
[4/5]
AM_10_1	260	0.322601	0.682545	17.6455	954919
AM_1_1	44	0.198795	0.259709	17.1562	954919
AM_1_1best	12	0.248656	0.265269	17.1881	954919
[5/5]
AM_10_1	258	0.36909	0.726266	17.4574	426969
AM_1_1	11	0.248801	0.264029	17.2948	426969
AM_1_1best	35	0.211523	0.259977	17.9921	426969
