[1/5]
AM_10_1	371	0.347619	0.619348	19.6941	860681
AM_1_1	35	0.249997	0.275632	17.7794	860681
AM_1_1best	30	0.25095	0.272923	18.5191	860681
[2/5]
AM_10_1	334	0.379333	0.623962	18.9549	980472
AM_1_1	23	0.251193	0.268039	17.4973	980472
AM_1_1best	42	0.250534	0.281296	17.6504	980472
[3/5]
AM_10_1	311	0.33942	0.567203	18.3783	206894
AM_1_1	28	0.248106	0.268614	18.6046	206894
AM_1_1best	28	0.251626	0.272134	18.3769	206894
[4/5]
AM_10_1	364	0.372705	0.639307	18.8978	954919
AM_1_1	27	0.251027	0.270803	18.0983	954919
AM_1_1best	29	0.25088	0.27212	18.565	954919
[5/5]
AM_10_1	402	0.32572	0.620154	18.8394	426969
AM_1_1	28	0.250537	0.271045	18.064	426969
AM_1_1best	38	0.250309	0.278141	18.3717	426969
