[1/5]
AGG_UN	24	0.256269	0.289495	120.673	860681
AGG_SF	59	0.188182	0.269862	120.608	860681
AGE_UN	25	0.248568	0.283179	118.804	860681
AGE_SF	23	0.232596	0.264437	116.577	860681
[2/5]
AGG_UN	43	0.199159	0.258689	114.054	980472
AGG_SF	53	0.197724	0.271097	113.658	980472
AGE_UN	17	0.248329	0.271864	117.639	980472
AGE_SF	56	0.193627	0.271154	120.732	980472
[3/5]
AGG_UN	23	0.249045	0.280886	118.18	206894
AGG_SF	63	0.189554	0.276771	117.577	206894
AGE_UN	62	0.186167	0.272	118.635	206894
AGE_SF	44	0.195563	0.256477	121.98	206894
[4/5]
AGG_UN	54	0.18905	0.263808	113.035	954919
AGG_SF	33	0.225816	0.271501	118.496	954919
AGE_UN	26	0.253848	0.289843	122.819	954919
AGE_SF	28	0.225641	0.264404	124.844	954919
[5/5]
AGG_UN	25	0.228469	0.263079	107.699	426969
AGG_SF	30	0.209472	0.251004	111.165	426969
AGE_UN	48	0.19287	0.259321	110.828	426969
AGE_SF	31	0.211971	0.254888	110.286	426969
[1/5]
AGE_UN	45	0.225066	0.287364	90.4045	860681
AGE_SF	41	0.250616	0.307377	91.6484	860681
[2/5]
AGE_UN	86	0.249761	0.368819	90.5909	980472
AGE_SF	45	0.217286	0.279584	89.7162	980472
[3/5]
AGE_UN	40	0.248235	0.303611	89.953	206894
AGE_SF	23	0.24558	0.277421	88.585	206894
[4/5]
AGE_UN	37	0.254788	0.306011	91.3982	954919
AGE_SF	58	0.195112	0.275408	89.6111	954919
[5/5]
AGE_UN	15	0.246545	0.267311	90.0923	426969
AGE_SF	40	0.251771	0.307147	93.7448	426969
