[1/5]
AGG_UN	44	0.248673	0.280899	119.266	860681
AGG_SF	36	0.247233	0.2736	126.008	860681
AGE_UN	113	0.210141	0.292904	129.324	860681
AGE_SF	30	0.249694	0.271667	126.159	860681
[2/5]
AGG_UN	53	0.249827	0.288646	122.401	980472
AGG_SF	133	0.209988	0.3074	121.537	980472
AGE_UN	108	0.21105	0.290152	120.52	980472
AGE_SF	43	0.250349	0.281843	123.317	980472
[3/5]
AGG_UN	46	0.249475	0.283166	120.155	206894
AGG_SF	38	0.249593	0.277425	116.403	206894
AGE_UN	42	0.249987	0.280749	111.651	206894
AGE_SF	52	0.249937	0.288023	108.486	206894
[4/5]
AGG_UN	89	0.215425	0.280611	95.3851	954919
AGG_SF	109	0.213571	0.293405	99.2106	954919
AGE_UN	110	0.215927	0.296494	97.8436	954919
AGE_SF	47	0.249302	0.283726	100.383	954919
[5/5]
AGG_UN	104	0.210828	0.287	106.478	426969
AGG_SF	89	0.237606	0.302791	100.827	426969
AGE_UN	112	0.213396	0.295427	100.074	426969
AGE_SF	30	0.249727	0.2717	102.676	426969
[1/5]
AGE_UN	35	0.24969	0.275325	95.2208	860681
AGE_SF	108	0.225494	0.304595	94.0425	860681
[2/5]
AGE_UN	45	0.250878	0.283837	94.2561	980472
AGE_SF	59	0.248739	0.291952	95.2037	980472
[3/5]
AGE_UN	30	0.247748	0.269721	95.4267	206894
AGE_SF	73	0.257767	0.311234	96.817	206894
[4/5]
AGE_UN	58	0.249878	0.292358	96.2303	954919
AGE_SF	49	0.249057	0.284945	96.2121	954919
[5/5]
AGE_UN	106	0.226136	0.303772	96.4001	426969
AGE_SF	58	0.249989	0.29247	96.8856	426969
