[1/5]
AGG_UN	22	0.713206	0.809697	62.5902	860681
AGG_SF	16	0.760026	0.830202	61.3782	860681
AGE_UN	42	0.642665	0.826875	60.6014	860681
AGE_SF	51	0.614822	0.838506	59.0556	860681
[2/5]
AGG_UN	24	0.752158	0.857422	58.8991	980472
AGG_SF	28	0.71758	0.840387	56.9311	980472
AGE_UN	30	0.714599	0.846178	57.5312	980472
AGE_SF	8	0.803886	0.838974	58.8177	980472
[3/5]
AGG_UN	53	0.613161	0.845617	58.436	206894
AGG_SF	10	0.759762	0.803621	58.8045	206894
AGE_UN	37	0.598492	0.760773	59.1971	206894
AGE_SF	26	0.71114	0.825176	58.9194	206894
[4/5]
AGG_UN	42	0.67527	0.859481	58.3482	954919
AGG_SF	16	0.717476	0.787651	60.3718	954919
AGE_UN	29	0.617326	0.744519	57.3873	954919
AGE_SF	37	0.614826	0.777107	57.6993	954919
[5/5]
AGG_UN	31	0.66422	0.800185	53.5774	426969
AGG_SF	11	0.74383	0.792075	56.6595	426969
AGE_UN	18	0.735568	0.814515	60.1354	426969
AGE_SF	36	0.737841	0.895736	60.6664	426969
[1/5]
AGE_UN	25	0.71105	0.820699	48.6236	860681
AGE_SF	20	0.718581	0.806301	47.3728	860681
[2/5]
AGE_UN	51	0.613292	0.836976	47.2394	980472
AGE_SF	16	0.733622	0.803798	47.4985	980472
[3/5]
AGE_UN	24	0.738702	0.843965	47.7947	206894
AGE_SF	72	0.836084	1.15187	50.1376	206894
[4/5]
AGE_UN	17	0.739946	0.814507	48.0946	954919
AGE_SF	25	0.641111	0.75076	48.5219	954919
[5/5]
AGE_UN	25	0.716472	0.826121	46.8926	426969
AGE_SF	26	0.720538	0.834573	49.409	426969
