[1/5]
AGG_UN	19	0.631091	0.787469	57.9461	860681
AGG_SF	12	0.620798	0.719564	58.0487	860681
AGE_UN	21	0.768276	0.941115	59.2915	860681
AGE_SF	9	0.617589	0.691663	59.8903	860681
[2/5]
AGG_UN	11	0.620266	0.710801	59.8792	980472
AGG_SF	3	0.758404	0.783095	59.2383	980472
AGE_UN	14	0.715005	0.830232	60.0557	980472
AGE_SF	11	0.611006	0.701541	61.7876	980472
[3/5]
AGG_UN	13	0.622592	0.729588	61.9773	206894
AGG_SF	13	0.620492	0.727488	60.9856	206894
AGE_UN	18	0.607411	0.755559	63.9795	206894
AGE_SF	24	0.774765	0.972296	64.7418	206894
[4/5]
AGG_UN	8	0.619921	0.685765	61.2819	954919
AGG_SF	6	0.759393	0.808776	59.9832	954919
AGE_UN	13	0.632099	0.739095	58.8999	954919
AGE_SF	15	0.619472	0.742929	56.505	954919
[5/5]
AGG_UN	25	0.744967	0.950729	58.6207	426969
AGG_SF	13	0.605985	0.712981	61.3217	426969
AGE_UN	11	0.780908	0.871443	63.0012	426969
AGE_SF	10	0.602761	0.685065	61.0849	426969
[1/5]
AGE_UN	12	0.620819	0.719584	47.6666	860681
AGE_SF	10	0.611606	0.693911	49.4896	860681
[2/5]
AGE_UN	12	0.609334	0.708099	48.2601	980472
AGE_SF	9	0.621138	0.695212	47.8152	980472
[3/5]
AGE_UN	16	0.777589	0.909277	47.786	206894
AGE_SF	16	0.764713	0.8964	46.5539	206894
[4/5]
AGE_UN	24	0.749411	0.946942	46.606	954919
AGE_SF	13	0.697063	0.804059	46.9594	954919
[5/5]
AGE_UN	15	0.618976	0.742433	47.4465	426969
AGE_SF	17	0.605267	0.745185	47.8198	426969
