[1/5]
AM_10_1	    12	0.821402	0.920168	8.69753	860681
AM_1_1	    13	0.617818	0.724813	8.32803	860681
AM_1_1best	10	0.608666	0.69097	    8.74457	860681
[2/5]
AM_10_1	    7	0.658353	0.715966	8.53756	980472
AM_1_1	    6	0.69552	    0.744903	8.38323	980472
AM_1_1best	2	0.756408	0.772869	8.77663	980472
[3/5]
AM_10_1	    5	0.841249	0.882402	8.74962	206894
AM_1_1	    5	0.701905	0.743057	8.38355	206894
AM_1_1best	13	0.671179	0.778175	8.99076	206894
[4/5]
AM_10_1	    6	0.721068	0.770451	8.51329	954919
AM_1_1	    10	0.670927	0.753231	8.49226	954919
AM_1_1best	13	0.60885	    0.715846	8.45316	954919
[5/5]
AM_10_1	    4	0.832111	0.865033	8.78345	426969
AM_1_1	    9	0.75731	    0.831384	8.49017	426969
AM_1_1best	7	0.670931	0.728544	8.62958	426969
