[1/5]
AM_10_1	    5	0.790282	0.812211	10.0068	860681
AM_1_1	     11	0.736299	0.784545	9.23029	860681
AM_1_1best	23	0.664109	0.764987	9.0817	860681
[2/5]
AM_10_1	    9	0.761767	0.80124	9.10058	980472
AM_1_1	    17	0.732119	0.806681	8.98874	980472
AM_1_1best	15	0.719162	0.784951	8.8019	980472
[3/5]
AM_10_1	    10	0.756451	0.800311	8.62979	206894
AM_1_1	     8	0.802528	0.837616	8.55415	206894
AM_1_1best	13	0.719245	0.776262	8.49237	206894
[4/5]
AM_10_1	    20	0.720977	0.808696	8.82207	954919
AM_1_1	     6	0.804256	0.830572	9.27784	954919
AM_1_1best	5	0.806787	0.828717	8.68536	954919
[5/5]
AM_10_1 	19	0.737	0.820333	8.87718	426969
AM_1_1      18	0.715887	0.794834	9.0873	426969
AM_1_1best  16	0.709738	0.779914	8.62591	426969
